MTS793|MPT|ENU|1|2|.|/|:|1|0|0|A

Data Acquisition						Time:	102.02344	s	12/20/2016 1:19:06 PM
Axial Displacement	Axial Displacement Error	Axial Extensometer	Axial Extensometer Abs. Error	Axial Force	Axial Force Abs. Error	Running Time	Time
mm	mm	mm/mm	mm/mm	N	N	s	s
-0.00061511993	-6.4190244e-05	-0.00016406666	0	681.18506	0	0.1015625	0.12011719
-0.00079870224	0.00011939206	-0.0001530374	0	680.99847	0	0.20117188	0.21972656
-0.0004029274	-0.00027638278	-0.00023296234	0	679.72717	0	0.30078125	0.31933594
-0.00063419342	-4.5116758e-05	-0.00019331746	0	679.5799	0	0.40039063	0.41894531
-0.00082015991	0.00014084973	-0.00028680405	0	680.89185	0	0.5	0.51855469
-0.00065326691	-2.6043272e-05	-0.00014396282	0	677.92273	0	0.59960938	0.61816406
-0.0008893013	0.00020999112	-0.00029476394	0	675.1734	0	0.69921875	0.71777344
-0.0005030632	-0.00017624698	-0.00023781831	0	675.17297	0	0.79882813	0.81738281
-0.00019311905	-0.00048619113	-0.00016029953	0	674.552	0	0.8984375	0.91699219
-0.00073671341	5.7403231e-05	-2.2221502e-05	0	674.97266	0	0.99804688	1.0166016
-0.00055074692	-0.00012856326	-0.00012773962	0	673.95404	0	1.0976563	1.1162109
-0.00025987625	-0.00041943393	-8.1191683e-05	0	673.2373	0	1.1972656	1.2158203
-0.0010061264	0.00032681623	-0.00015600417	0	673.94067	0	1.296875	1.3154297
-0.0010418892	0.00036257901	-0.00014524812	0	675.00433	0	1.3964844	1.4150391
-0.00023365021	-0.00044565997	-7.1672548e-05	0	677.41156	0	1.4960938	1.5146484
-0.00047206879	-0.00020724139	-0.0002091343	0	679.98871	0	1.5957031	1.6142578
-0.00041246414	-0.00026684604	-0.00010274744	0	681.36981	0	1.6953125	1.7138672
-0.00069618225	1.6872073e-05	-0.00016079794	0	682.89471	0	1.7949219	1.8134766
0.00019788742	-0.0008771976	-0.00012762175	0	682.70648	0	1.8945313	1.9130859
-0.00074625015	6.6939974e-05	7.029339e-05	0	680.48651	0	1.9941406	2.0126953
-0.0011491776	0.00046986737	-0.00017893799	0	678.078	0	2.09375	2.1123047
-0.00092983246	0.00025052228	-0.00011582051	0	678.54089	0	2.1933594	2.2119141
-0.00010490417	-0.000574406	-0.00014249999	0	681.35822	0	2.2929688	2.3115234
-0.0011610985	0.0004817883	-8.2101178e-05	0	681.38312	0	2.3925781	2.4111328
-0.0010585785	0.00037926831	-3.3172546e-05	0	680.52252	0	2.4921875	2.5107422
-0.00029563904	-0.00038367114	-0.00021888045	0	679.21527	0	2.5917969	2.6103516
-0.00044584274	-0.00023346744	-0.00010052136	0	679.27612	0	2.6914063	2.7099609
-0.00036478043	-0.00031452975	-1.78552e-06	0	678.75714	0	2.7910156	2.8095703
-0.00050783157	-0.0001714786	-0.0001076216	0	677.57422	0	2.890625	2.9091797
-0.00089883804	0.00021952786	-0.0001420507	0	677.7157	0	2.9902344	3.0087891
-0.00096559525	0.00028628507	-0.00019042745	0	674.79547	0	3.0898438	3.1083984
-0.00089645386	0.00021714368	-0.00010484982	0	674.67041	0	3.1894531	3.2080078
-0.00078201294	0.00010270276	-9.0738104e-05	0	676.08282	0	3.2890625	3.3076172
-0.0009059906	0.00022668042	-0.00013597019	0	675.00836	0	3.3886719	3.4072266
-0.00054836273	-0.00013094745	-4.1673047e-05	0	673.28284	0	3.4882813	3.5068359
-0.0011777878	0.0004984776	-0.00016323138	0	673.29138	0	3.5878906	3.6064453
-0.00064611435	-3.3195829e-05	-0.00012410019	0	674.26959	0	3.6875	3.7060547
-0.00058412552	-9.518466e-05	-7.4823765e-05	0	675.51331	0	3.7871094	3.8056641
-0.00062704086	-5.2269315e-05	-0.00010390904	0	674.91962	0	3.8867188	3.9052734
-0.0003027916	-0.00037651858	3.8142025e-05	0	676.77399	0	3.9863281	4.0048828
-0.00023603439	-0.00044327579	-0.00021799824	0	676.84515	0	4.0859375	4.1044922
-0.00052213669	-0.00015717349	-0.0001557215	0	677.84735	0	4.1855469	4.2041016
-0.00036716461	-0.00031214557	-0.00011274205	0	677.13458	0	4.2851563	4.3037109
7.1525574e-05	-0.00075083575	-0.00022985732	0	679.97125	0	4.3847656	4.4033203
-0.00064611435	-3.3195829e-05	4.9332448e-05	0	678.40283	0	4.484375	4.5029297
-0.00025272369	-0.00042658648	-0.00017235652	0	680.28571	0	4.5839844	4.6025391
-0.00018596649	-0.00049334369	-0.00010037984	0	678.75458	0	4.6835938	4.7021484
-0.00049829483	-0.00018101535	-0.00010598851	0	679.15216	0	4.7832031	4.8017578
-0.00091075897	0.00023144879	-2.6747875e-05	0	675.65497	0	4.8828125	4.9013672
-0.00072956085	5.0250674e-05	-0.00012185992	0	677.2113	0	4.9824219	5.0009766
-0.00077486038	9.5550204e-05	-9.3260678e-05	0	678.41425	0	5.0820313	5.1005859
-0.0005364418	-0.00014286838	-6.5524e-05	0	675.10419	0	5.1816406	5.2001953
-0.0004863739	-0.00019293628	-0.00017879356	0	670.92914	0	5.28125	5.2998047
-0.00061511993	-6.4190244e-05	-8.8669913e-05	0	668.60291	0	5.3808594	5.3994141
-0.00061750412	-6.1806059e-05	-0.00017439197	0	668.5705	0	5.4804688	5.4990234
-0.0013661385	0.00068682828	-0.00010932017	0	667.8963	0	5.5800781	5.5986328
-0.0010800362	0.00040072598	-0.00013953722	0	665.59473	0	5.6796875	5.6982422
-0.0012207031	0.00054139295	-0.00010470321	0	666.56879	0	5.7792969	5.7978516
-0.00095129013	0.00027197995	-7.5517164e-05	0	666.23474	0	5.8789063	5.8974609
-0.0011539459	0.00047463574	-0.0002003173	0	667.97565	0	5.9785156	5.9970703
-0.0011610985	0.0004817883	-0.00021658998	0	666.95215	0	6.078125	6.0966797
-0.00093698502	0.00025767484	-0.00019770268	0	667.05627	0	6.1777344	6.1962891
-0.0013160706	0.00063676038	-0.00015515361	0	669.24701	0	6.2773438	6.2958984
-0.0013613701	0.00068205991	-9.8894452e-05	0	667.66089	0	6.3769531	6.3955078
-0.00092744827	0.00024813809	-7.3281626e-05	0	667.93359	0	6.4765625	6.4951172
-0.0012898445	0.00061053433	-7.1834074e-05	0	666.36566	0	6.5761719	6.5947266
-0.0014472008	0.0007678906	-0.00024074543	0	666.69153	0	6.6757813	6.6943359
-0.00065088272	-2.8427457e-05	-9.9332101e-05	0	667.59424	0	6.7753906	6.7939453
-0.0011229515	0.00044364133	-0.00014744801	0	666.97736	0	6.875	6.8935547
-0.00096797943	0.00028866925	-0.00020885273	0	668.03925	0	6.9746094	6.9931641
-0.0012183189	0.00053900876	-0.00030499214	0	671.29883	0	7.0742188	7.0927734
-0.00056743622	-0.00011187396	-0.00029305229	0	674.19659	0	7.1738281	7.1923828
-0.0010323524	0.00035304227	-0.00019307081	0	673.67987	0	7.2734375	7.2919922
-0.00049114227	-0.00018816791	3.1373202e-05	0	674.88367	0	7.3730469	7.3916016
-0.00097751617	0.000298206	-0.00015868027	0	675.80127	0	7.4726563	7.4912109
-0.0010991096	0.00041979947	-2.767265e-05	0	678.68152	0	7.5722656	7.5908203
-0.00029802322	-0.00038128695	-0.00011240045	0	678.64264	0	7.671875	7.6904297
-0.0005698204	-0.00010948977	-9.502437e-05	0	679.18414	0	7.7714844	7.7900391
-0.00026702881	-0.00041228137	-4.2444299e-06	0	680.21082	0	7.8710938	7.8896484
-0.00071525574	3.5945559e-05	-0.00018607352	0	681.87512	0	7.9707031	7.9892578
-0.0014400482	0.00076073804	-0.00011542143	0	681.15125	0	8.0703125	8.0888672
0.00044822693	-0.0011275371	-0.00025632652	0	681.54254	0	8.1699219	8.1884766
-0.00097513199	0.00029582181	-8.607276e-05	0	681.99921	0	8.2695313	8.2880859
-0.00090122223	0.00022191205	-0.00012505516	0	682.77893	0	8.3691406	8.3876953
-0.00054359436	-0.00013571582	-8.4839485e-05	0	682.26318	0	8.46875	8.4873047
-0.00096321106	0.00028390088	-0.00012139099	0	682.75537	0	8.5683594	8.5869141
-0.00018596649	-0.00049334369	-9.6917574e-05	0	680.81219	0	8.6679688	8.6865234
-0.00069379807	1.4487887e-05	-0.00016065715	0	679.71844	0	8.7675781	8.7861328
-0.00056743622	-0.00011187396	-0.00010890435	0	680.06122	0	8.8671875	8.8857422
-0.00041484833	-0.00026446185	-0.00017834609	0	681.79071	0	8.9667969	8.9853516
-0.00094175339	0.00026244321	-0.00014624929	0	683.10748	0	9.0664063	9.0849609
-0.00031709671	-0.00036221347	-0.00013045392	0	681.45721	0	9.1660156	9.1845703
-0.00016450882	-0.00051480136	-0.00024975961	0	681.38538	0	9.265625	9.2841797
-0.00095129013	0.00027197995	-8.4440398e-05	0	681.76294	0	9.3652344	9.3837891
-0.0012755394	0.00059622922	-0.00023506364	0	681.19714	0	9.4648438	9.4833984
-0.0012731552	0.00059384503	5.2683026e-05	0	683.26459	0	9.5644531	9.5830078
-0.00063419342	-4.5116758e-05	-0.00019712606	0	683.75537	0	9.6640625	9.6826172
-0.00060081482	-7.8495359e-05	-9.7108204e-05	0	681.34503	0	9.7636719	9.7822266
-0.00090837479	0.00022906461	8.4007115e-05	0	678.93005	0	9.8632813	9.8818359
-0.0013113022	0.00063199201	-0.00026768359	0	668.12122	0	9.9628906	9.9814453
-0.0014591217	0.0021795512	-6.6101711e-05	0	665.15656	0	10.0625	10.081055
-0.0004863739	0.0045271162	-0.00012578457	0	677.02411	0	10.162109	10.180664
0.0024366379	0.004924417	-0.00013652352	0	778.3233	0	10.261719	10.280273
0.007379055	0.0033023125	-2.177585e-05	0	888.79004	0	10.361328	10.379883
0.010538101	0.0034635793	-6.9497764e-05	0	977.89746	0	10.460938	10.479492
0.013668537	0.0036534555	8.5368811e-06	0	1050.1171	0	10.560547	10.579102
0.016515255	0.0041270498	-6.3214611e-05	0	1142.5793	0	10.660156	10.678711
0.020928383	0.0030342359	-1.2533201e-05	0	1250.8723	0	10.759766	10.77832
0.024211407	0.0030715242	-2.233719e-07	0	1355.1842	0	10.859375	10.87793
0.028614998	0.0019882452	-7.1939576e-05	0	1457.4027	0	10.958984	10.977539
0.031344891	0.0025786646	4.6831701e-05	0	1565.1471	0	11.058594	11.077148
0.035390854	0.0018530153	-9.3732524e-06	0	1686.615	0	11.158203	11.176758
0.039916039	0.00064814463	0.00013529934	0	1797.0636	0	11.257813	11.276367
0.043046474	0.00083801895	0.00016225786	0	1893.717	0	11.357422	11.375977
0.046360493	0.00084431469	3.6609345e-05	0	1999.2695	0	11.457031	11.475586
0.050222874	0.0003022477	0.00017799066	0	2106.0007	0	11.556641	11.575195
0.053613186	0.00023224577	0.00012612545	0	2207.4097	0	11.65625	11.674805
0.057177544	-1.1797994e-05	6.1348692e-05	0	2304.6045	0	11.755859	11.774414
0.060589314	-0.0001032576	0.00012862838	0	2395.9941	0	11.855469	11.874023
0.0629282	0.00087817013	0.00021478627	0	2484.3762	0	11.955078	11.973633
0.066292286	0.00083439797	0.00020321568	0	2568.5757	0	12.054688	12.073242
0.068278313	0.0021686852	0.00029788096	0	2654.3049	0	12.154297	12.172852
0.071349144	0.0024181679	0.00027420538	0	2737.2825	0	12.253906	12.272461
0.075244904	0.0018427148	0.00040723424	0	2827.0205	0	12.353516	12.37207
0.078620911	0.0017870218	0.00035107441	0	2930.5425	0	12.453125	12.47168
0.081961155	0.0017670915	0.00022938621	0	3046.771	0	12.552734	12.571289
0.086066723	0.00098183751	0.00048610527	0	3175.1758	0	12.652344	12.670898
0.089795589	0.00057328492	0.00030258269	0	3288.9492	0	12.751953	12.770508
0.093448162	0.00024101883	0.00043751241	0	3390.1646	0	12.851563	12.870117
0.096640587	0.00036890805	0.00050819182	0	3480.8616	0	12.951172	12.969727
0.099205971	0.0011238381	0.00035471603	0	3568.8594	0	13.050781	13.069336
0.10196924	0.0016808808	0.00053844816	0	3654.261	0	13.150391	13.168945
0.10506868	0.0019017532	0.00040551642	0	3746.7368	0	13.25	13.268555
0.10920286	0.0010878891	0.00045645938	0	3871.2454	0	13.349609	13.368164
0.114007	-0.00039593875	0.00038199432	0	4009.2834	0	13.449219	13.467773
0.11763811	-0.00070673972	0.00063712907	0	4126.4058	0	13.548828	13.567383
0.12063265	-0.00038096309	0.00057000655	0	4223.3955	0	13.648438	13.666992
0.12297392	0.00059808046	0.00063749938	0	4315.2515	0	13.748047	13.766602
0.12602329	0.00086902082	0.00057815015	0	4402.7813	0	13.847656	13.866211
0.12891531	0.00129731	0.0005946309	0	4481.2095	0	13.947266	13.96582
0.13198853	0.001544416	0.00052400935	0	4564.8325	0	14.046875	14.06543
0.13542414	0.0014291108	0.00060768763	0	4678.5347	0	14.146484	14.165039
0.13921499	0.0009585619	0.00063143997	0	4800.6929	0	14.246094	14.264648
0.14271259	0.00078128278	0.00066822034	0	4911.1289	0	14.345703	14.364258
0.14567852	0.0011356622	0.00065467757	0	5012.6943	0	14.445313	14.463867
0.14976501	0.00036948919	0.00073976768	0	5110.5996	0	14.544922	14.563477
0.15237093	0.0010838807	0.00058362237	0	5207.2861	0	14.644531	14.663086
0.15558958	0.0011855513	0.00069730339	0	5306.623	0	14.744141	14.762695
0.15944242	0.00065301359	0.00083452684	0	5407.1953	0	14.84375	14.862305
0.16208887	0.0013268739	0.00089173956	0	5510.3149	0	14.943359	14.961914
0.16553164	0.0012044311	0.00061159482	0	5611.2373	0	15.042969	15.061523
0.16927958	0.00077679753	0.0007065846	0	5711.7358	0	15.142578	15.161133
0.1726675	0.00070919096	0.00095937721	0	5812.3511	0	15.242188	15.260742
0.17550945	0.001187548	0.00088064733	0	5901.9282	0	15.341797	15.360352
0.17846823	0.00154908	0.00094493665	0	5982.7881	0	15.441406	15.459961
0.18187046	0.0014671683	0.00092502561	0	6076.8628	0	15.541016	15.55957
0.18506765	0.0015902817	0.00090681534	0	6186.2593	0	15.640625	15.65918
0.18971205	0.00026620924	0.00075072749	0	6258.625	0	15.740234	15.758789
0.19304037	0.00025819242	0.00091451767	0	6356.6123	0	15.839844	15.858398
0.19627333	0.00034554303	0.00083184277	0	6449.8364	0	15.939453	15.958008
0.20000696	-6.7770481e-05	0.0010124844	0	6535.3643	0	16.039063	16.057617
0.20273685	0.00052264333	0.0010008989	0	6613.0083	0	16.138672	16.157227
0.20544291	0.0011369139	0.00094884163	0	6690.8423	0	16.238281	16.256836
0.20853758	0.0013625473	0.00097528065	0	6774.4517	0	16.337891	16.356445
0.21170139	0.0015190542	0.0010563639	0	6882.2007	0	16.4375	16.456055
0.21545649	0.0010842681	0.00099490536	0	6982.3091	0	16.537109	16.555664
0.21929264	0.00056841969	0.00097692467	0	7050.127	0	16.636719	16.655273
0.22245169	0.00072969496	0.0010370066	0	7119.7847	0	16.736328	16.754883
0.2259469	0.00055478513	0.0011726418	0	7194.8862	0	16.835938	16.854492
0.22937775	0.00044426322	0.0012138302	0	7265.2612	0	16.935547	16.954102
0.23314476	-2.4437904e-06	0.0011015865	0	7334.8286	0	17.035156	17.053711
0.23516178	0.0013008416	0.001130507	0	7407.6074	0	17.134766	17.15332
0.23834467	0.001438275	0.0012231143	0	7492.9141	0	17.234375	17.25293
0.24268627	0.00041697919	0.001303176	0	7597.7681	0	17.333984	17.352539
0.2461195	0.0003040731	0.0012665191	0	7689.8608	0	17.433594	17.452148
0.24992704	-0.00018316507	0.0011714771	0	7773.3101	0	17.533203	17.551758
0.25245905	0.00060513616	0.0012455683	0	7849.4932	0	17.632813	17.651367
0.25625706	0.00012743473	0.0012920318	0	7922.4326	0	17.732422	17.750977
0.25855541	0.001149416	0.0013623248	0	7997.165	0	17.832031	17.850586
0.2621913	0.00083383918	0.0013762962	0	8082.4917	0	17.931641	17.950195
0.26523113	0.0011143088	0.0012610438	0	8169.959	0	18.03125	18.049805
0.26926517	0.00040057302	0.001276212	0	8268.9648	0	18.130859	18.149414
0.27258158	0.00040447712	0.001364555	0	8358.3184	0	18.230469	18.249023
0.27559757	0.00070881844	0.0013969609	0	8443.167	0	18.330078	18.348633
0.27880192	0.00082477927	0.0013079989	0	8528.2305	0	18.429688	18.448242
0.28233051	0.00061649084	0.0014260309	0	8620.6758	0	18.529297	18.547852
0.28557301	0.0006943047	0.0013408503	0	8713.6514	0	18.628906	18.647461
0.28982878	-0.00024113059	0.001429718	0	8805.501	0	18.728516	18.74707
0.29238939	0.00051856041	0.0013142963	0	8890.6582	0	18.828125	18.84668
0.29558659	0.0006416738	0.0013697853	0	8969.7773	0	18.927734	18.946289
0.29863834	0.00091022253	0.0013813584	0	9047.1035	0	19.027344	19.045898
0.3018856	0.00098326802	0.0013617763	0	9129.3467	0	19.126953	19.145508
0.305233	0.00095620751	0.001603489	0	9214.5723	0	19.226563	19.245117
0.30827284	0.0012366772	0.0015027869	0	9313.1309	0	19.326172	19.344727
0.31204224	0.00078758597	0.0015740064	0	9409.5449	0	19.425781	19.444336
0.31624079	-9.0658665e-05	0.0015735266	0	9497.1094	0	19.525391	19.543945
0.31863928	0.00083115697	0.0016094894	0	9579.1514	0	19.625	19.643555
0.32180071	0.00099006295	0.001638911	0	9662.4922	0	19.724609	19.743164
0.32534599	0.00076508522	0.0016120088	0	9741.3721	0	19.824219	19.842773
0.3292346	0.00019678473	0.0017032115	0	9825.0938	0	19.923828	19.942383
0.3311491	0.0016025901	0.0015377089	0	9907.4414	0	20.023438	20.041992
0.33575058	0.00032141805	0.0017402035	0	10012.532	0	20.123047	20.141602
0.3400445	-0.00065216422	0.0016509516	0	10113.754	0	20.222656	20.241211
0.34294605	-0.00023341179	0.0016712493	0	10204.598	0	20.322266	20.34082
0.3458643	0.00016865134	0.0015560301	0	10285.055	0	20.421875	20.44043
0.34931421	3.9041042e-05	0.0016692968	0	10360.974	0	20.521484	20.540039
0.35223246	0.00044110417	0.0016541522	0	10437.563	0	20.621094	20.639648
0.35567522	0.00031867623	0.0016491864	0	10513.67	0	20.720703	20.739258
0.35747766	0.0018365383	0.0017030841	0	10599.149	0	20.820313	20.838867
0.3620863	0.00054821372	0.001742685	0	10690.648	0	20.919922	20.938477
0.36480904	0.0011457801	0.001657784	0	10777.293	0	21.019531	21.038086
0.36839724	0.00087788701	0.0017530881	0	10867.269	0	21.119141	21.137695
0.37201881	0.00057664514	0.0017843569	0	10955.439	0	21.21875	21.237305
0.37551641	0.00039935112	0.0016917769	0	11037.899	0	21.318359	21.336914
0.37847519	0.00076088309	0.0018712111	0	11121.529	0	21.417969	21.436523
0.38181543	0.00074094534	0.0017514805	0	11202.059	0	21.517578	21.536133
0.38497925	0.00089743733	0.0016702135	0	11283.211	0	21.617188	21.635742
0.38812399	0.0010730326	0.0018623639	0	11367.319	0	21.716797	21.735352
0.39237738	0.00013995171	0.0018074526	0	11448.184	0	21.816406	21.834961
0.39461136	0.0012262762	0.0018668321	0	11532.328	0	21.916016	21.93457
0.39795637	0.00120157	0.0019027309	0	11615.647	0	22.015625	22.03418
0.40148497	0.00099331141	0.0018698826	0	11701.281	0	22.115234	22.133789
0.40520191	0.0005966723	0.0019824812	0	11784.831	0	22.214844	22.233398
0.40884018	0.00027871132	0.0018475894	0	11879.046	0	22.314453	22.333008
0.41263342	-0.00019422174	0.0019161216	0	11967.771	0	22.414063	22.432617
0.41512251	0.00063699484	0.0018159845	0	12052.901	0	22.513672	22.532227
0.41810036	0.00097948313	0.0018827075	0	12136.97	0	22.613281	22.631836
0.42145967	0.00094047189	0.0021206343	0	12216.221	0	22.712891	22.731445
0.42413712	0.0015833378	0.0021002551	0	12296.376	0	22.8125	22.831055
0.42760611	0.001434654	0.0020415401	0	12372.826	0	22.912109	22.930664
0.43123007	0.0011309981	0.0020243214	0	12448.106	0	23.011719	23.030273
0.43488503	0.00079637766	0.0021260788	0	12527.692	0	23.111328	23.129883
0.43827057	0.00073114038	0.0019710213	0	12619.749	0	23.210938	23.229492
0.44216871	0.00015330315	0.0019907351	0	12729.3	0	23.310547	23.329102
0.44595957	-0.00031724572	0.0020785155	0	12834.156	0	23.410156	23.428711
0.44984818	-0.00088554621	0.00219983	0	12920.283	0	23.509766	23.52832
0.45276642	-0.00048345327	0.002066744	0	12997.203	0	23.609375	23.62793
0.4562664	-0.00066313148	0.002081224	0	13065.354	0	23.708984	23.727539
0.45891762	5.9604645e-06	0.0023009279	0	13130.645	0	23.808594	23.827148
0.46148539	0.00075849891	0.0023053947	0	13198.577	0	23.908203	23.926758
0.46460867	0.00095552206	0.0022822749	0	13270.825	0	24.007813	24.026367
0.46753645	0.0013480783	0.0022863732	0	13362.641	0	24.107422	24.125977
0.47193289	0.00027194619	0.0023414842	0	13453.616	0	24.207031	24.225586
0.47509432	0.00043082237	0.0022202071	0	13538.357	0	24.306641	24.325195
0.47868252	0.0001629293	0.002296858	0	13615.823	0	24.40625	24.424805
0.48184633	0.00031942129	0.0021653017	0	13690.509	0	24.505859	24.524414
0.48475742	0.00072866678	0.0024456165	0	13767.773	0	24.605469	24.624023
0.48771858	0.0010878146	0.0021590947	0	13845.354	0	24.705078	24.723633
0.49178123	0.00034546852	0.0022704441	0	13925.188	0	24.804688	24.823242
0.49436092	0.001086086	0.0023560517	0	14007.405	0	24.904297	24.922852
0.49831867	0.00044864416	0.0022933341	0	14096.724	0	25.003906	25.022461
0.50184488	0.00024276972	0.0023870054	0	14180.441	0	25.103516	25.12207
0.50428867	0.001119256	0.0023186235	0	14260.319	0	25.203125	25.22168
0.50796509	0.00076317787	0.0021898926	0	14336.281	0	25.302734	25.321289
0.51107407	0.00097453594	0.0024443022	0	14410.953	0	25.402344	25.420898
0.51429749	0.0010713935	0.0025498939	0	14492.676	0	25.501953	25.520508
0.51763773	0.0010514855	0.0024218019	0	14573.333	0	25.601563	25.620117
0.52159309	0.00041639805	0.0024521463	0	14650.349	0	25.701172	25.719727
0.52446127	0.00086855888	0.0024987881	0	14728.665	0	25.800781	25.819336
0.52771807	0.00093209743	0.0024187388	0	14800.497	0	25.900391	25.918945
0.53055286	0.0014175773	0.0024639191	0	14878.693	0	26	26.018555
0.53421021	0.0010805726	0.0025403262	0	14975.429	0	26.099609	26.118164
0.53776026	0.0008507967	0.0024381038	0	15064.525	0	26.199219	26.217773
0.54147959	0.00045180321	0.0025482429	0	15150.189	0	26.298828	26.317383
0.54491997	0.00033175945	0.0023984839	0	15225.347	0	26.398438	26.416992
0.54793358	0.00063842535	0.0024031007	0	15295.152	0	26.498047	26.516602
0.55050611	0.0013862252	0.0024920045	0	15367.965	0	26.597656	26.616211
0.55540323	-0.00019061565	0.0025363525	0	15462.483	0	26.697266	26.71582
0.55881023	-0.00027728081	0.0024175283	0	15557.498	0	26.796875	26.81543
0.56210518	-0.00025188923	0.0027030895	0	15637.793	0	26.896484	26.915039
0.56510448	6.9081783e-05	0.0025100005	0	15709.656	0	26.996094	27.014648
0.5679369	0.00055700541	0.0025132534	0	15779.336	0	27.095703	27.114258
0.57082653	0.00098770857	0.0025001084	0	15846.855	0	27.195313	27.213867
0.57436466	0.00076985359	0.0026247078	0	15916.211	0	27.294922	27.313477
0.57739735	0.0010575056	0.002571441	0	15989.074	0	27.394531	27.413086
0.58109999	0.00067514181	0.0026986797	0	16068.403	0	27.494141	27.512695
0.58442354	0.00067192316	0.0026641062	0	16154.152	0	27.59375	27.612305
0.58822632	0.00018948317	0.0027492875	0	16232.884	0	27.693359	27.711914
0.59158802	0.00014805794	0.0027968241	0	16307.123	0	27.792969	27.811523
0.59443474	0.00062167645	0.0026560726	0	16388.816	0	27.892578	27.911133
0.59914351	-0.00076681376	0.0027191313	0	16474.814	0	27.992188	28.010742
0.60170412	-7.0929527e-06	0.0028797381	0	16552.672	0	28.091797	28.110352
0.60498953	2.7835369e-05	0.0028229274	0	16622.938	0	28.191406	28.209961
0.60814857	0.00018906593	0.0028080205	0	16695.52	0	28.291016	28.30957
0.611341	0.0003169775	0.0027968469	0	16769.652	0	28.390625	28.40918
0.61447382	0.00050443411	0.0030249692	0	16845.725	0	28.490234	28.508789
0.61808825	0.00021034479	0.0030116807	0	16926.789	0	28.589844	28.608398
0.62123537	0.00038355589	0.0029919771	0	17006.746	0	28.689453	28.708008
0.62444448	0.00049471855	0.002904084	0	17078.623	0	28.789063	28.807617
0.62804699	0.00021255016	0.0030711803	0	17150.971	0	28.888672	28.907227
0.63149691	8.2910061e-05	0.0030154174	0	17221.191	0	28.988281	29.006836
0.63521385	-0.00031369925	0.00301426	0	17299.156	0	29.087891	29.106445
0.63817501	4.5478344e-05	0.0029959942	0	17372.775	0	29.1875	29.206055
0.64038038	0.0011603832	0.003107206	0	17435.668	0	29.287109	29.305664
0.64345121	0.0014098883	0.0030120783	0	17506.521	0	29.386719	29.405273
0.64662695	0.0015544295	0.0030896233	0	17582.594	0	29.486328	29.504883
0.65059423	0.00090748072	0.0031230219	0	17669.336	0	29.585938	29.604492
0.65493584	-0.00011378527	0.0031178056	0	17771.834	0	29.685547	29.704102
0.65827608	-0.00013375282	0.0033360764	0	17859.686	0	29.785156	29.803711
0.66258907	-0.0011264086	0.0033045553	0	17935.359	0	29.884766	29.90332
0.66539526	-0.00061231852	0.0031070504	0	18001.072	0	29.984375	30.00293
0.66777468	0.00032860041	0.0032713558	0	18061.779	0	30.083984	30.102539
0.67107201	0.0003516078	0.0032991134	0	18117.877	0	30.183594	30.202148
0.67376137	0.00098252296	0.0033684368	0	18173.799	0	30.283203	30.301758
0.67710876	0.00095546246	0.0032069283	0	18240.053	0	30.382813	30.401367
0.68020582	0.0011786819	0.0034602375	0	18307.959	0	30.482422	30.500977
0.68369865	0.001006186	0.0033288456	0	18398.543	0	30.582031	30.600586
0.68758249	0.0004426837	0.0033017718	0	18483.639	0	30.681641	30.700195
0.69098711	0.00035834312	0.0032806457	0	18559.133	0	30.78125	30.799805
0.69436789	0.00029790401	0.0031865321	0	18625.836	0	30.880859	30.899414
0.69766998	0.00031608343	0.0032440261	0	18691.676	0	30.980469	30.999023
0.70075989	0.00054651499	0.003337848	0	18763.352	0	31.080078	31.098633
0.70382118	0.00080555677	0.0033525045	0	18849.098	0	31.179688	31.198242
0.70763588	0.00031113625	0.0033845797	0	18927.664	0	31.279297	31.297852
0.71112633	0.00014102459	0.0033131421	0	18997.521	0	31.378906	31.397461
0.7140398	0.00054782629	0.0032561661	0	19061.533	0	31.478516	31.49707
0.71730614	0.0006018281	0.0035059839	0	19127.811	0	31.578125	31.59668
0.72137594	-0.00014764071	0.0034380883	0	19197.607	0	31.677734	31.696289
0.72328568	0.0012629032	0.0033599462	0	19262.574	0	31.777344	31.795898
0.72703123	0.00083768368	0.0033924018	0	19329.553	0	31.876953	31.895508
0.72929382	0.0018953681	0.0034114956	0	19397.117	0	31.976563	31.995117
0.73361635	0.0008931756	0.0032299131	0	19471.246	0	32.076172	32.094727
0.73734999	0.000479877	0.0033712392	0	19566.686	0	32.175781	32.194336
0.741539	-0.0003888607	0.0034788062	0	19659.396	0	32.275391	32.293945
0.74472189	-0.00025141239	0.0035219386	0	19730.508	0	32.375	32.393555
0.74818373	-0.00039297342	0.0033039625	0	19799.42	0	32.474609	32.493164
0.75185299	-0.00074189901	0.0035271491	0	19869.994	0	32.574219	32.592773
0.75473785	-0.00030642748	0.0033205964	0	19931.77	0	32.673828	32.692383
0.75829268	-0.00054097176	0.0035224578	0	19991.227	0	32.773438	32.791992
0.76035261	0.00071942806	0.0034227741	0	20046.117	0	32.873047	32.891602
0.76385975	0.0005325675	0.0035367515	0	20101.137	0	32.972656	32.991211
0.76627016	0.001442492	0.0035675571	0	20157.377	0	33.072266	33.09082
0.76953888	0.0014941096	0.0036732904	0	20228.537	0	33.171875	33.19043
0.77302933	0.0013239384	0.0036736098	0	20301.25	0	33.271484	33.290039
0.77661514	0.0010584593	0.0037269916	0	20374.33	0	33.371094	33.389648
0.78026295	0.00073093176	0.0036742985	0	20448.957	0	33.470703	33.489258
0.78352928	0.00078493357	0.0038662793	0	20517.076	0	33.570313	33.588867
0.78600645	0.0016281009	0.0037184439	0	20583.002	0	33.669922	33.688477
0.78988791	0.0010669231	0.0036755961	0	20654.619	0	33.769531	33.788086
0.79390287	0.00037229061	0.0038157781	0	20720.861	0	33.869141	33.887695
0.79663277	0.00096267462	0.0037283655	0	20787.863	0	33.96875	33.987305
0.80040932	0.00050646067	0.0038713112	0	20864.822	0	34.068359	34.086914
0.803895	0.00034111738	0.0037811624	0	20940.084	0	34.167969	34.186523
0.80701828	0.00053811073	0.0038151506	0	21012.584	0	34.267578	34.286133
0.81085682	1.9907951e-05	0.0037995297	0	21075.873	0	34.367188	34.385742
0.81408739	0.00010967255	0.0038100507	0	21140.152	0	34.466797	34.485352
0.81652164	0.00099569559	0.0038223474	0	21200.143	0	34.566406	34.584961
0.81989765	0.00094002485	0.0039017624	0	21256.994	0	34.666016	34.68457
0.82240105	0.0017569065	0.0039218413	0	21324.768	0	34.765625	34.78418
0.82643747	0.0010408163	0.0039410801	0	21401.377	0	34.865234	34.883789
0.83092928	-0.00013065338	0.0039315536	0	21478.393	0	34.964844	34.983398
0.83407879	4.0113926e-05	0.0040358147	0	21546.861	0	35.064453	35.083008
0.83767653	-0.00023728609	0.0037859874	0	21610.33	0	35.164063	35.182617
0.84013224	0.00062727928	0.00397145	0	21673.229	0	35.263672	35.282227
0.8441186	-3.8743019e-05	0.0039009715	0	21748.467	0	35.363281	35.381836
0.8472538	0.00014638901	0.0039208727	0	21819.281	0	35.462891	35.481445
0.85053921	0.00018125772	0.0039279964	0	21886.416	0	35.5625	35.581055
0.85459232	-0.00055152178	0.0041222004	0	21947.4	0	35.662109	35.680664
0.8571887	0.00017237663	0.0039618681	0	22008.283	0	35.761719	35.780273
0.86006403	0.00061738491	0.0040789125	0	22064.883	0	35.861328	35.879883
0.8633399	0.00066184998	0.0041444628	0	22128.875	0	35.960938	35.979492
0.86672068	0.00060135126	0.0039149229	0	22198.482	0	36.060547	36.079102
0.87083101	-0.0001886487	0.0040053544	0	22276.127	0	36.160156	36.178711
0.87342262	0.00054001808	0.0039718244	0	22344.145	0	36.259766	36.27832
0.87759256	-0.00030958652	0.0039931671	0	22404.92	0	36.359375	36.37793
0.88059664	6.6757202e-06	0.0041800844	0	22461.668	0	36.458984	36.477539
0.88319063	0.00073295832	0.0040420527	0	22521.26	0	36.558594	36.577148
0.88679314	0.00045078993	0.0041320338	0	22580.332	0	36.658203	36.676758
0.88896275	0.0016014576	0.0041307653	0	22636.91	0	36.757813	36.776367
0.89303255	0.00085198879	0.0041663875	0	22704.621	0	36.857422	36.875977
0.89653254	0.00067234039	0.0041018263	0	22778.578	0	36.957031	36.975586
0.89986324	0.00066190958	0.0042684027	0	22845.32	0	37.056641	37.075195
0.9031558	0.00068968534	0.0042524738	0	22907.934	0	37.15625	37.174805
0.90710878	5.698204e-05	0.0042845937	0	22971.357	0	37.255859	37.274414
0.9102726	0.00021350384	0.0043336404	0	23036.109	0	37.355469	37.374023
0.91394424	-0.00013780594	0.004364084	0	23100.432	0	37.455078	37.473633
0.91710091	2.5808811e-05	0.004121345	0	23156.838	0	37.554688	37.573242
0.92007875	0.0003682971	0.0042408938	0	23220.621	0	37.654297	37.672852
0.92387438	-0.00010704994	0.0042587519	0	23290.371	0	37.753906	37.772461
0.92683554	0.00025212765	0.0042619109	0	23358.383	0	37.853516	37.87207
0.93039513	1.2874603e-05	0.0041939998	0	23427.424	0	37.953125	37.97168
0.93435287	-0.00062459707	0.0042287651	0	23487.424	0	38.052734	38.071289
0.93689442	0.00015419722	0.0043566623	0	23543.035	0	38.152344	38.170898
0.93972445	0.00064444542	0.0042852848	0	23598.355	0	38.251953	38.270508
0.94328403	0.00040519238	0.0042762933	0	23654.66	0	38.351563	38.370117
0.94596624	0.0010433197	0.0043123141	0	23715.078	0	38.451172	38.469727
0.9501195	0.00021034479	0.0043573296	0	23785.943	0	38.550781	38.569336
0.95363855	1.1622906e-05	0.0042720754	0	23856.879	0	38.650391	38.668945
0.95696211	8.3446503e-06	0.0043418771	0	23923.516	0	38.75	38.768555
0.96011639	0.00017440319	0.0044040354	0	23988.818	0	38.849609	38.868164
0.96406698	-0.00045585632	0.0043415232	0	24046.828	0	38.949219	38.967773
0.96655607	0.00037533045	0.0043907375	0	24098.521	0	39.048828	39.067383
0.96955061	0.00070112944	0.0042656921	0	24150.295	0	39.148438	39.166992
0.9726572	0.00091481209	0.004445449	0	24207.658	0	39.248047	39.266602
0.97659826	0.00029408932	0.0042795734	0	24260.002	0	39.347656	39.366211
0.97909689	0.001115799	0.0045485585	0	24318.215	0	39.447266	39.46582
0.98209143	0.0014415383	0.0044320766	0	24385.404	0	39.546875	39.56543
0.98659992	0.00025337934	0.0044467505	0	24464.875	0	39.646484	39.665039
0.99057913	-0.00040555	0.004542829	0	24537.037	0	39.746094	39.764648
0.9940362	-0.00054228306	0.004489915	0	24595.805	0	39.845703	39.864258
0.99722147	-0.00040721893	0.0046146419	0	24648.814	0	39.945313	39.963867
1.0001802	-4.5657158e-05	0.004610301	0	24704.242	0	40.044922	40.063477
1.0033178	0.00013697147	0.0046436042	0	24755.559	0	40.144531	40.163086
1.0061359	0.00063920021	0.004468041	0	24802.996	0	40.244141	40.262695
1.0097289	0.00036656857	0.0045592892	0	24856.154	0	40.34375	40.362305
1.0120201	0.0013957024	0.0045268475	0	24925.756	0	40.443359	40.461914
1.0167074	2.8729439e-05	0.0046859412	0	24998.064	0	40.542969	40.561523
1.0198045	0.00025188923	0.0044757873	0	25058.824	0	40.642578	40.661133
1.0227013	0.00067543983	0.0045903451	0	25115.473	0	40.742188	40.760742
1.0262966	0.000400424	0.0046108398	0	25169.289	0	40.841797	40.860352
1.0289836	0.001033783	0.004714861	0	25224.441	0	40.941406	40.959961
1.0328579	0.00047981739	0.0047121346	0	25282.234	0	41.041016	41.05957
1.0359979	0.00066006184	0.0047541419	0	25339.246	0	41.140625	41.15918
1.0391855	0.00079274178	0.0047400482	0	25403.365	0	41.240234	41.258789
1.0431671	0.00013148785	0.0046578501	0	25466.578	0	41.339844	41.358398
1.0459042	0.0007147789	0.0046601347	0	25526.516	0	41.439453	41.458008
1.0497141	0.00022518635	0.0047347606	0	25578.699	0	41.539063	41.557617
1.0522914	0.00096809864	0.004676709	0	25629.879	0	41.638672	41.657227
1.0559487	0.00063109398	0.0047529824	0	25696.563	0	41.738281	41.756836
1.059618	0.00028216839	0.0047229235	0	25761.035	0	41.837891	41.856445
1.0631156	0.00010490417	0.0047813738	0	25819.879	0	41.9375	41.956055
1.0668278	-0.00028693676	0.0049994942	0	25876.506	0	42.037109	42.055664
1.0695839	0.0002771616	0.0048292219	0	25927.293	0	42.136719	42.155273
1.07306	0.00012135506	0.0046929135	0	25972.004	0	42.236328	42.254883
1.0756993	0.00080239773	0.0048125922	0	26024.621	0	42.335938	42.354492
1.0795498	0.00027227402	0.0048002005	0	26098.939	0	42.435547	42.454102
1.0830164	0.00012600422	0.0050027566	0	26179.504	0	42.535156	42.553711
1.0873771	-0.00091445446	0.0047585303	0	26242.314	0	42.634766	42.65332
1.0908985	-0.0011155605	0.0047477172	0	26296.234	0	42.734375	42.75293
1.0936403	-0.00053703785	0.0049250578	0	26348.275	0	42.833984	42.852539
1.0973048	-0.00088119507	0.0050254455	0	26393.371	0	42.933594	42.952148
1.1000156	-0.00027167797	0.0049449028	0	26436.73	0	43.033203	43.051758
1.1024237	0.00064051151	0.0047961576	0	26479.381	0	43.132813	43.151367
1.105535	0.0008494854	0.0047449307	0	26519.729	0	43.232422	43.250977
1.1089587	0.00074613094	0.0048966026	0	26575.932	0	43.332031	43.350586
1.1120152	0.0010099411	0.0049043722	0	26637.695	0	43.431641	43.450195
1.1152172	0.0011283159	0.0048903669	0	26708.852	0	43.53125	43.549805
1.1188507	0.00081503391	0.0049472712	0	26776.904	0	43.630859	43.649414
1.1235452	-0.00055909157	0.0049064374	0	26835.357	0	43.730469	43.749023
1.1266637	-0.00035727024	0.0048630307	0	26884.393	0	43.830078	43.848633
1.129725	-9.8228455e-05	0.0048673525	0	26927.465	0	43.929688	43.948242
1.1322021	0.00074493885	0.00484215	0	26978.049	0	44.029297	44.047852
1.1355329	0.00073444843	0.0049839905	0	27027.172	0	44.128906	44.147461
1.1384678	0.0011198521	0.0050756498	0	27073.471	0	44.228516	44.24707
1.1416292	0.001278758	0.0049857711	0	27132.273	0	44.328125	44.34668
1.145215	0.001013279	0.0049502472	0	27195.008	0	44.427734	44.446289
1.1496449	-9.6201897e-05	0.0050179083	0	27262.373	0	44.527344	44.545898
1.1525726	0.00029635429	0.0050504743	0	27321.777	0	44.626953	44.645508
1.1564302	-0.00024104118	0.0050167195	0	27373.355	0	44.726563	44.745117
1.1585236	0.00098598003	0.005138997	0	27422.803	0	44.826172	44.844727
1.1627698	6.0081482e-05	0.0051235091	0	27469.273	0	44.925781	44.944336
1.1655807	0.00056946278	0.0050766738	0	27518.695	0	45.025391	45.043945
1.1685157	0.00095486641	0.0051616016	0	27566.861	0	45.125	45.143555
1.1722708	0.00051999092	0.0050710156	0	27617.066	0	45.224609	45.243164
1.1752582	0.00085294247	0.0050772075	0	27678.801	0	45.324219	45.342773
1.1795378	-0.00010633469	0.0051197945	0	27746.639	0	45.423828	45.442383
1.1828828	-0.00013101101	0.0049648015	0	27808.861	0	45.523438	45.541992
1.1867499	-0.00067782402	0.0052394113	0	27865.207	0	45.623047	45.641602
1.189816	-0.00042366982	0.0050674775	0	27915.674	0	45.722656	45.741211
1.1928821	-0.0001693964	0.0051438236	0	27962.529	0	45.822266	45.84082
1.1951971	0.00083589554	0.0050700316	0	28003.633	0	45.921875	45.94043
1.1984873	0.00086605549	0.0051883259	0	28047.846	0	46.021484	46.040039
1.2025309	0.00014281273	0.0050226748	0	28098.912	0	46.121094	46.139648
1.2057281	0.00026583672	0.005121673	0	28147.221	0	46.220703	46.239258
1.2086344	0.00067985058	0.0050303107	0	28204.365	0	46.320313	46.338867
1.2119722	0.00066232681	0.0051826607	0	28259.971	0	46.419922	46.438477
1.2157345	0.00022041798	0.0050493227	0	28310.098	0	46.519531	46.538086
1.2191606	0.00011467934	0.0051563601	0	28358.5	0	46.619141	46.637695
1.2218142	0.00078129768	0.0051038135	0	28408.648	0	46.71875	46.737305
1.2256455	0.00027024746	0.0053048236	0	28455.633	0	46.818359	46.836914
1.2292528	-1.6689301e-05	0.005271324	0	28514.225	0	46.917969	46.936523
1.2329555	-0.00039899349	0.005334639	0	28575.725	0	47.017578	47.036133
1.2358499	2.6941299e-05	0.0053397384	0	28636.521	0	47.117188	47.135742
1.2400889	-0.0008919239	0.0053076888	0	28691.762	0	47.216797	47.235352
1.2434101	-0.00089275837	0.0052698744	0	28734.205	0	47.316406	47.334961
1.2464929	-0.00065517426	0.0053842436	0	28776.549	0	47.416016	47.43457
1.2491298	2.8252602e-05	0.0051780604	0	28817.117	0	47.515625	47.53418
1.2522101	0.0002682209	0.0053043379	0	28854.475	0	47.615234	47.633789
1.2551117	0.00068688393	0.0052710446	0	28896.236	0	47.714844	47.733398
1.2576175	0.001501441	0.0053614862	0	28939.135	0	47.814453	47.833008
1.2611604	0.0012788773	0.0053553628	0	28985.23	0	47.914063	47.932617
1.2641168	0.0016428232	0.0052394243	0	29039.021	0	48.013672	48.032227
1.2685776	0.00050234795	0.0052558491	0	29110.398	0	48.113281	48.131836
1.273222	-0.00082182884	0.0054175169	0	29178.516	0	48.212891	48.231445
1.2767959	-0.001075387	0.0053623538	0	29236.502	0	48.3125	48.331055
1.2794971	-0.00045633316	0.0053796233	0	29285.076	0	48.412109	48.430664
1.2824798	-0.00011861324	0.0052564079	0	29325.023	0	48.511719	48.530273
1.2851882	0.00049328804	0.0053759799	0	29363.092	0	48.611328	48.629883
1.2876058	0.0013959408	0.0052664769	0	29403.48	0	48.710938	48.729492
1.2923574	-3.5405159e-05	0.0053807562	0	29441.588	0	48.810547	48.829102
1.2953639	0.0002784729	0.005364201	0	29483.563	0	48.910156	48.928711
1.2976432	0.0013195276	0.0054177442	0	29527.051	0	49.009766	49.02832
1.3010955	0.0011875629	0.0053800037	0	29581.473	0	49.109375	49.12793
1.3038707	0.0017325878	0.0053609316	0	29631.75	0	49.208984	49.227539
1.3079453	0.00097835064	0.0053660339	0	29688.77	0	49.308594	49.327148
1.3118005	0.00044345856	0.0053798254	0	29744.307	0	49.408203	49.426758
1.3160062	-0.00044190884	0.0053866296	0	29791.297	0	49.507813	49.526367
1.318264	0.00062060356	0.0054061958	0	29830.965	0	49.607422	49.625977
1.321733	0.00047183037	0.005462206	0	29872.994	0	49.707031	49.725586
1.324935	0.00059020519	0.0054603042	0	29916.793	0	49.806641	49.825195
1.3288617	-1.6212463e-05	0.0054540797	0	29972.801	0	49.90625	49.924805
1.3322496	-8.3804131e-05	0.0053056562	0	30026.43	0	50.005859	50.024414
1.3348818	0.0006043911	0.0054110941	0	30073.301	0	50.105469	50.124023
1.3381624	0.00064396858	0.0053137806	0	30115.488	0	50.205078	50.223633
1.3420391	8.7618828e-05	0.0053689349	0	30156.734	0	50.304688	50.323242
1.344769	0.00067806244	0.0056379056	0	30198.271	0	50.404297	50.422852
1.3484144	0.00035297871	0.0054127239	0	30240.957	0	50.503906	50.522461
1.350894	0.0011937618	0.0054934071	0	30285.01	0	50.603516	50.62207
1.3551426	0.00026535988	0.005461324	0	30338.709	0	50.703125	50.72168
1.3583112	0.0004171133	0.0055326317	0	30389.844	0	50.802734	50.821289
1.3616681	0.00038051605	0.00548077	0	30438.93	0	50.902344	50.920898
1.3643003	0.0010687113	0.0054707234	0	30484.613	0	51.001953	51.020508
1.3686109	7.8439713e-05	0.0055926275	0	30529.139	0	51.101563	51.120117
1.3713813	0.00062823296	0.0053893281	0	30568.77	0	51.201172	51.219727
1.3751459	0.00018393993	0.0055013006	0	30604.756	0	51.300781	51.319336
1.37779	0.00086021423	0.0055072964	0	30646.238	0	51.400391	51.418945
1.3817	0.00027048588	0.0054439823	0	30698.762	0	51.5	51.518555
1.3847184	0.00057244301	0.0056532463	0	30752.588	0	51.599609	51.618164
1.3887072	-9.6082687e-05	0.0056089913	0	30807.426	0	51.699219	51.717773
1.3918185	0.0001128912	0.0055384301	0	30854.023	0	51.798828	51.817383
1.3948035	0.00044822693	0.0055874474	0	30895.879	0	51.898438	51.916992
1.3989067	-0.00033462048	0.0056538549	0	30934.529	0	51.998047	52.016602
1.4016795	0.00021290779	0.0055871126	0	30971.568	0	52.097656	52.116211
1.4049482	0.0002644062	0.0055043125	0	31008.76	0	52.197266	52.21582
1.4077783	0.00075471401	0.0056137145	0	31051.02	0	52.296875	52.31543
1.4121246	-0.00027132034	0.0057538575	0	31113.555	0	52.396484	52.415039
1.4151931	-1.9431114e-05	0.0056419931	0	31167.23	0	52.496094	52.514648
1.4194798	-0.00098586082	0.0055358838	0	31212.133	0	52.595703	52.614258
1.422236	-0.00042176247	0.0056556137	0	31251.381	0	52.695313	52.713867
1.42519	-5.543232e-05	0.0057639065	0	31290.021	0	52.794922	52.813477
1.4279461	0.00050878525	0.0056783687	0	31326.682	0	52.894531	52.913086
1.4311886	0.00058662891	0.0056711468	0	31362.178	0	52.994141	53.012695
1.4350033	9.226799e-05	0.0056897192	0	31399.959	0	53.09375	53.112305
1.4372492	0.0011665821	0.005750447	0	31438.887	0	53.193359	53.211914
1.4411688	0.00056731701	0.0057724039	0	31489.148	0	53.292969	53.311523
1.4443207	0.00073575974	0.0057917074	0	31537.324	0	53.392578	53.411133
1.4481497	0.0002270937	0.0057264101	0	31581.461	0	53.492188	53.510742
1.4508629	0.00083422661	0.0059512467	0	31623.504	0	53.591797	53.610352
1.4552021	-0.0001847744	0.0056711892	0	31659.541	0	53.691406	53.709961
1.4575219	0.00081574917	0.0058856597	0	31694.779	0	53.791016	53.80957
1.4606714	0.00098657608	0.0059141233	0	31731.445	0	53.890625	53.90918
1.4646006	0.00037777424	0.0057674428	0	31782.186	0	53.990234	54.008789
1.4678097	0.00048899651	0.0059463144	0	31830.713	0	54.089844	54.108398
1.4718485	-0.00022959709	0.0056345267	0	31879.059	0	54.189453	54.208008
1.4753938	-0.00045454502	0.0058441148	0	31926.039	0	54.289063	54.307617
1.4787531	-0.00049352646	0.0059029218	0	31968.123	0	54.388672	54.407227
1.4816451	-6.5207481e-05	0.0059124674	0	32008.797	0	54.488281	54.506836
1.4842916	0.00060868263	0.0057656267	0	32045.441	0	54.587891	54.606445
1.4881158	0.00010466576	0.0058754156	0	32083.396	0	54.6875	54.706055
1.4915967	-5.5909157e-05	0.005956783	0	32119.102	0	54.787109	54.805664
1.4935255	0.0013356209	0.0059177633	0	32157.047	0	54.886719	54.905273
1.4971042	0.0010772943	0.0059358305	0	32194.652	0	54.986328	55.004883
1.500721	0.00078082085	0.0058815326	0	32236.133	0	55.085938	55.104492
1.5040565	0.00076556206	0.0057921112	0	32278.404	0	55.185547	55.204102
1.5085602	-0.00041782856	0.0057714274	0	32336.385	0	55.285156	55.303711
1.5120935	-0.00063085556	0.0059521436	0	32389.773	0	55.384766	55.40332
1.5154123	-0.00062930584	0.0058376631	0	32426.148	0	55.484375	55.50293
1.5191293	-0.0010259151	0.0057781697	0	32463.631	0	55.583984	55.602539
1.5213299	9.3698502e-05	0.0059114415	0	32499.256	0	55.683594	55.702148
1.5245461	0.00019776821	0.0057710153	0	32537.594	0	55.783203	55.801758
1.5284681	-0.00040388107	0.0058273794	0	32570.828	0	55.882813	55.901367
1.5309811	0.00040352345	0.0059041143	0	32602.848	0	55.982422	56.000977
1.5342355	0.00046944618	0.0059595564	0	32637.168	0	56.082031	56.100586
1.5375137	0.00051140785	0.0059435666	0	32671.178	0	56.181641	56.200195
1.541369	-2.348423e-05	0.0059066736	0	32727.482	0	56.28125	56.299805
1.544559	0.00010681152	0.0059503121	0	32792.086	0	56.380859	56.399414
1.5486908	-0.00070464611	0.005970811	0	32841.66	0	56.480469	56.499023
1.5521479	-0.00084137917	0.0058833207	0	32880.773	0	56.580078	56.598633
1.5548062	-0.00017952919	0.0059184567	0	32917.75	0	56.679688	56.698242
1.557858	8.9049339e-05	0.0058758715	0	32950.438	0	56.779297	56.797852
1.5613008	-3.3378601e-05	0.0059226402	0	32977.863	0	56.878906	56.897461
1.5648603	-0.00027263165	0.0059429635	0	33004.68	0	56.978516	56.99707
1.56744	0.00046801567	0.0060489005	0	33031.746	0	57.078125	57.09668
1.5704083	0.00081992149	0.0060299719	0	33063.148	0	57.177734	57.196289
1.5731907	0.001357913	0.0059955032	0	33105.629	0	57.277344	57.295898
1.5771341	0.00073480606	0.0058936318	0	33147.438	0	57.376953	57.395508
1.5800524	0.001136899	0.0059837233	0	33193.551	0	57.476563	57.495117
1.5844631	4.6491623e-05	0.0058782804	0	33240.566	0	57.576172	57.594727
1.5874076	0.0004222393	0.0059864121	0	33280.547	0	57.675781	57.694336
1.5907121	0.00043809414	0.0060782703	0	33318.668	0	57.775391	57.793945
1.5941715	0.0002989769	0.0061060716	0	33353.199	0	57.875	57.893555
1.5969491	0.00084173679	0.0060548438	0	33386.848	0	57.974609	57.993164
1.6002011	0.00091004372	0.0060387552	0	33418.566	0	58.074219	58.092773
1.6033792	0.0010522604	0.0061229467	0	33450.957	0	58.173828	58.192383
1.6068602	0.00089156628	0.0059430124	0	33494.672	0	58.273438	58.291992
1.6103411	0.00073099136	0.0060061859	0	33538.281	0	58.373047	58.391602
1.6144633	-7.0929527e-05	0.0061788158	0	33578.43	0	58.472656	58.491211
1.6172028	0.00050997734	0.0061791078	0	33617.285	0	58.572266	58.59082
1.6214085	-0.00037539005	0.006108541	0	33655.582	0	58.671875	58.69043
1.623342	0.0010112524	0.0061061583	0	33692.984	0	58.771484	58.790039
1.6276383	3.528595e-05	0.0060303994	0	33728.859	0	58.871094	58.889648
1.6309142	7.9751015e-05	0.0060392478	0	33762.938	0	58.970703	58.989258
1.6332459	0.0010683537	0.0059107724	0	33796.074	0	59.070313	59.088867
1.6364694	0.0011652708	0.0061926683	0	33830.277	0	59.169922	59.188477
1.6401911	0.00076377392	0.0061184759	0	33865.902	0	59.269531	59.288086
1.6439581	0.00031709671	0.0059369886	0	33906.938	0	59.369141	59.387695
1.6472006	0.00039494038	0.006091259	0	33946.176	0	59.46875	59.487305
1.6507292	0.00018668175	0.0061108936	0	33988.094	0	59.568359	59.586914
1.6538095	0.00042665005	0.0061031268	0	34027.914	0	59.667969	59.686523
1.6567349	0.00082147121	0.0061511155	0	34064.785	0	59.767578	59.786133
1.6605234	0.00035333633	0.0061376989	0	34098.598	0	59.867188	59.885742
1.6635275	0.00066959858	0.0060125035	0	34123.836	0	59.966797	59.985352
1.667273	0.00024437904	0.0061587961	0	34158.184	0	60.066406	60.084961
1.6700315	0.00080621243	0.0062098871	0	34191.73	0	60.166016	60.18457
1.6734672	0.00069081783	0.0062055178	0	34228.715	0	60.265625	60.28418
1.6769791	0.0004992485	0.0061140023	0	34263.336	0	60.365234	60.383789
1.6806102	0.00018846989	0.0061106728	0	34301.125	0	60.464844	60.483398
1.6829062	0.0012128353	0.0060158386	0	34341.223	0	60.564453	60.583008
1.6877842	-0.00034487247	0.0061344872	0	34384.211	0	60.664063	60.682617
1.6907454	1.4185905e-05	0.0062085344	0	34419.414	0	60.763672	60.782227
1.6946745	-0.00059461594	0.0060574831	0	34457.609	0	60.863281	60.881836
1.6973615	3.8743019e-05	0.0061442335	0	34489.117	0	60.962891	60.981445
1.7002869	0.0004336834	0.0061633969	0	34522.703	0	61.0625	61.081055
1.7030072	0.0010336637	0.0060334485	0	34550.996	0	61.162109	61.180664
1.7066836	0.00067746639	0.0062501687	0	34580.875	0	61.261719	61.280273
1.7098475	0.00083398819	0.0061952388	0	34620.773	0	61.361328	61.379883
1.7136788	0.00032293797	0.0060390448	0	34658.742	0	61.460938	61.479492
1.7167091	0.00061297417	0.0062409374	0	34695.77	0	61.560547	61.579102
1.7199111	0.00073134899	0.0060588256	0	34731.125	0	61.660156	61.678711
1.7237139	0.00024878979	0.0061654709	0	34765.523	0	61.759766	61.77832
1.7268682	0.00041484833	0.0062252828	0	34796.895	0	61.859375	61.87793
1.7306066	-3.2186508e-06	0.0061775702	0	34824.258	0	61.958984	61.977539
1.7330933	0.00083041191	0.0062486259	0	34857.688	0	62.058594	62.077148
1.7371058	0.00013816357	0.006305323	0	34889.91	0	62.158203	62.176758
1.7400026	0.00056159496	0.0062892293	0	34931.914	0	62.257813	62.276367
1.744473	-0.00058841705	0.0062530735	0	34970.102	0	62.357422	62.375977
1.7469335	0.00027143955	0.0063463249	0	35003.453	0	62.457031	62.475586
1.7499375	0.0005877018	0.0064646024	0	35040.797	0	62.556641	62.575195
1.7540884	-0.00024282932	0.0061743557	0	35071.469	0	62.65625	62.674805
1.7569995	0.00016629696	0.0062518013	0	35103.133	0	62.755859	62.774414
1.7602777	0.00020837784	0.0063861888	0	35133.598	0	62.855469	62.874023
1.7637277	7.879734e-05	0.0063286722	0	35164.379	0	62.955078	62.973633
1.7669296	0.00019717216	0.0063355896	0	35197.73	0	63.054688	63.073242
1.7712069	-0.0007597208	0.0062204497	0	35229.84	0	63.154297	63.172852
1.7740297	-0.00026237965	0.0063273245	0	35261.496	0	63.253906	63.272461
1.7767215	0.00036621094	0.0061893938	0	35294.141	0	63.353516	63.37207
1.7806864	-0.00027835369	0.0063469494	0	35340.676	0	63.453125	63.47168
1.784184	-0.0004556179	0.0063872817	0	35380.781	0	63.552734	63.571289
1.7883468	-0.00129807	0.0063780886	0	35413.25	0	63.652344	63.670898
1.7905378	-0.00016891956	0.0063732066	0	35444.391	0	63.751953	63.770508
1.7942858	-0.00059652328	0.0063217464	0	35470.566	0	63.851563	63.870117
1.7973328	-0.00032317638	0.006213055	0	35495.121	0	63.951172	63.969727
1.8005157	-0.00018572807	0.0062419209	0	35516.039	0	64.050781	64.069336
1.803782	-0.00013172626	0.0063179429	0	35544.211	0	64.150391	64.168945
1.8072319	-0.00026142597	0.0063100015	0	35580.621	0	64.25	64.268555
1.8097878	0.0005030632	0.0062038647	0	35610.887	0	64.349609	64.368164
1.813004	0.00060713291	0.0063224789	0	35638.219	0	64.449219	64.467773
1.8164563	0.00047516823	0.0062485929	0	35667.082	0	64.548828	64.567383
1.8204117	-0.00015985966	0.0064932485	0	35701.32	0	64.648438	64.666992
1.8232727	0.00029933453	0.0064269323	0	35741.113	0	64.748047	64.766602
1.8269038	-1.1444092e-05	0.0062285755	0	35772.195	0	64.847656	64.866211
1.8298721	0.00034058094	0.006283605	0	35803.598	0	64.947266	64.96582
1.8331957	0.00033736229	0.0063681635	0	35835.738	0	65.046875	65.06543
1.8373227	-0.00046932697	0.0064195157	0	35865.219	0	65.146484	65.165039
1.8393588	0.00081479549	0.0062797987	0	35895.285	0	65.246094	65.264648
1.8427944	0.00069952011	0.0062648882	0	35928.664	0	65.345703	65.364258
1.8472171	-0.00040280819	0.0064437478	0	35964.762	0	65.445313	65.463867
1.8498039	0.00033068657	0.0063999435	0	35998.23	0	65.544922	65.563477
1.8532395	0.00021541119	0.0063981856	0	36030.566	0	65.644531	65.663086
1.8565917	0.0001834631	0.0063842474	0	36064.422	0	65.744141	65.762695
1.8594313	0.00066423416	0.0064378055	0	36096.066	0	65.84375	65.862305
1.8626237	0.00079214573	0.0062255883	0	36127.891	0	65.943359	65.961914
1.8662691	0.000467062	0.0063507687	0	36162.328	0	66.042969	66.061523
1.8702674	-0.00021088123	0.0063682757	0	36190.832	0	66.142578	66.161133
1.8728614	0.00051534176	0.0064878929	0	36222.016	0	66.242188	66.260742
1.8762469	0.00045013428	0.0064051612	0	36255.566	0	66.341797	66.360352
1.8801379	-0.00012052059	0.0063378797	0	36290.824	0	66.441406	66.459961
1.8826485	0.00068926811	0.0064469338	0	36319.227	0	66.541016	66.55957
1.8863392	0.00031888485	0.0063188914	0	36349.32	0	66.640625	66.65918
1.8893957	0.0005825758	0.0064420928	0	36382.719	0	66.740234	66.758789
1.8932509	4.7683716e-05	0.0064848303	0	36413.727	0	66.839844	66.858398
1.8966556	-3.6597252e-05	0.0065660812	0	36439.07	0	66.939453	66.958008
1.8994927	0.000446558	0.0065400065	0	36464.055	0	67.039063	67.057617
1.9024372	0.00082242489	0.0064729624	0	36492.875	0	67.138672	67.157227
1.9053578	0.0012220144	0.006635197	0	36524.063	0	67.238281	67.256836
1.9089413	0.00095891953	0.0066038067	0	36559.922	0	67.337891	67.356445
1.9133353	-0.00011479855	0.0065966994	0	36601.449	0	67.4375	67.456055
1.9167662	-0.00022530556	0.0065673245	0	36643.473	0	67.537109	67.555664
1.9200206	-0.00015938282	0.0065582292	0	36676.023	0	67.636719	67.655273
1.9229555	0.0002259016	0.006528446	0	36704.836	0	67.736328	67.754883
1.9259429	0.00055885315	0.0066480278	0	36732.766	0	67.835938	67.854492
1.9301701	-0.00034797192	0.006578492	0	36762.656	0	67.935547	67.954102
1.9324756	0.00066685677	0.0065792324	0	36786.973	0	68.035156	68.053711
1.9362783	0.00018441677	0.00674546	0	36813.992	0	68.134766	68.15332
1.9391704	0.00061261654	0.0066136876	0	36842.363	0	68.234375	68.25293
1.9425631	0.0005402565	0.0065768315	0	36870.035	0	68.333984	68.352539
1.9459105	0.00051319599	0.0065260595	0	36903.16	0	68.433594	68.452148
1.9496679	7.6055527e-05	0.0065424005	0	36943.617	0	68.533203	68.551758
1.9538617	-0.00079739094	0.0065953359	0	36979.016	0	68.632813	68.651367
1.9566345	-0.00024998188	0.0066555743	0	37010.609	0	68.732422	68.750977
1.9597411	-3.6239624e-05	0.0065438864	0	37034.66	0	68.832031	68.850586
1.9625139	0.00051128864	0.0065658796	0	37062.996	0	68.931641	68.950195
1.9658065	0.00053906441	0.0066098771	0	37090.523	0	69.03125	69.049805
1.9693637	0.00030219555	0.0066104503	0	37114.992	0	69.130859	69.149414
1.9727135	0.00027263165	0.0065842117	0	37142.027	0	69.230469	69.249023
1.9758368	0.0004696846	0.0065514315	0	37174.746	0	69.330078	69.348633
1.9788742	0.00075256824	0.0065921624	0	37201.109	0	69.429688	69.448242
1.9830513	-0.00010418892	0.0067225411	0	37229.438	0	69.529297	69.547852
1.9855118	0.00075566769	0.0066612973	0	37261.82	0	69.628906	69.647461
1.9888353	0.00075232983	0.0065243002	0	37301.996	0	69.728516	69.74707
1.9926214	0.00028657913	0.0064971098	0	37335.094	0	69.828125	69.84668
1.9957113	0.00051701069	0.0065719816	0	37364.137	0	69.927734	69.946289
1.999023	0.00052571297	0.0065448536	0	37393.254	0	70.027344	70.045898
2.0032096	-0.00034070015	0.0068971864	0	37421.004	0	70.126953	70.145508
2.0056295	0.00055980682	0.0066620633	0	37453.605	0	70.226563	70.245117
2.0093703	0.00013923645	0.0065546888	0	37483.016	0	70.326172	70.344727
2.0128131	1.6927719e-05	0.0065768659	0	37512.676	0	70.425781	70.444336
2.0163631	-0.00021290779	0.0068547418	0	37547.238	0	70.525391	70.543945
2.0195603	-8.9883804e-05	0.0067312866	0	37573.688	0	70.625	70.643555
2.0227551	3.5762787e-05	0.0065950998	0	37600.391	0	70.724609	70.743164
2.0263815	-0.00027036667	0.006722854	0	37628.859	0	70.824219	70.842773
2.0290184	0.0004131794	0.0068739946	0	37654.832	0	70.923828	70.942383
2.0325732	0.00017857552	0.0067651002	0	37681.527	0	71.023438	71.041992
2.0357299	0.00034213066	0.0067344224	0	37704.996	0	71.123047	71.141602
2.0394588	-6.6280365e-05	0.0067060944	0	37728.055	0	71.222656	71.241211
2.0414829	0.001229763	0.006641699	0	37757.813	0	71.322266	71.34082
2.0455956	0.00043749809	0.0067278012	0	37794.52	0	71.421875	71.44043
2.0488453	0.00050806999	0.0067314468	0	37826.191	0	71.521484	71.540039
2.0521593	0.00051426888	0.0066066845	0	37859.258	0	71.621094	71.639648
2.0562434	-0.00024938583	0.0067104008	0	37889.008	0	71.720703	71.739258
2.0594072	-9.2983246e-05	0.0065628989	0	37914.422	0	71.820313	71.838867
2.0629406	-0.00030589104	0.006675364	0	37940.176	0	71.919922	71.938477
2.065835	0.00011992455	0.0067968755	0	37961.891	0	72.019531	72.038086
2.0694304	-0.00015521049	0.0066307513	0	37990.328	0	72.119141	72.137695
2.0717454	0.00085020065	0.0068091713	0	38014.844	0	72.21875	72.237305
2.0751286	0.00078725815	0.0067961295	0	38043.781	0	72.318359	72.336914
2.0785475	0.00068879128	0.0068660066	0	38073.129	0	72.417969	72.436523
2.0826316	-7.5101852e-05	0.0065130251	0	38105.68	0	72.517578	72.536133
2.0855045	0.0003721714	0.0067912587	0	38131.617	0	72.617188	72.635742
2.088716	0.00048112869	0.0067023025	0	38158.078	0	72.716797	72.735352
2.0923376	0.00017976761	0.0069062589	0	38182.547	0	72.816406	72.834961
2.0947123	0.0011255741	0.0068082367	0	38214.707	0	72.916016	72.93457
2.0991969	-3.8862228e-05	0.006942675	0	38242.828	0	73.015625	73.03418
2.1022224	0.00025582314	0.0067793983	0	38273.492	0	73.115234	73.133789
2.1057343	6.4373016e-05	0.0068765283	0	38300.777	0	73.214844	73.233398
2.1090436	7.5340271e-05	0.006696952	0	38328.441	0	73.314453	73.333008
2.1115589	0.00088047981	0.0067493338	0	38357.875	0	73.414063	73.432617
2.1157074	5.2213669e-05	0.0067889909	0	38387.961	0	73.513672	73.532227
2.1183991	0.00068068504	0.0069209184	0	38417.391	0	73.613281	73.631836
2.1222949	0.00010538101	0.0068715587	0	38443.516	0	73.712891	73.731445
2.1264124	-0.00069189072	0.0067405775	0	38465.164	0	73.8125	73.831055
2.1286058	0.00043511391	0.0068180277	0	38486.953	0	73.912109	73.930664
2.1317887	0.00057244301	0.0067693805	0	38512.145	0	74.011719	74.030273
2.1353912	0.00029015541	0.0068312553	0	38537.117	0	74.111328	74.129883
2.1387887	0.00021314621	0.0068981387	0	38564.379	0	74.210938	74.229492
2.1421385	0.00018358231	0.0069405329	0	38598.313	0	74.310547	74.329102
2.1451735	0.00046896935	0.0069854204	0	38633.426	0	74.410156	74.428711
2.148993	-3.027916e-05	0.0069668842	0	38668.398	0	74.509766	74.52832
2.1527457	-0.00046277046	0.0070963339	0	38697.895	0	74.609375	74.62793
2.1553445	0.00025892258	0.0068674437	0	38720.344	0	74.708984	74.727539
2.1590018	-7.8201294e-05	0.0070058205	0	38743.109	0	74.808594	74.827148
2.1622896	-4.5537949e-05	0.0070315418	0	38764.184	0	74.908203	74.926758
2.1650195	0.00054478645	0.0069039571	0	38788.344	0	75.007813	75.026367
2.1687722	0.00011229515	0.0069344812	0	38808.656	0	75.107422	75.125977
2.1720552	0.00014972687	0.0069091003	0	38836.305	0	75.207031	75.225586
2.1755719	-4.6730042e-05	0.0068280613	0	38866.379	0	75.306641	75.325195
2.1792006	-0.00035500526	0.0069707455	0	38895.902	0	75.40625	75.424805
2.1818757	0.00029015541	0.0070324093	0	38924.613	0	75.505859	75.524414
2.1849179	0.00056815147	0.0069680028	0	38949.023	0	75.605469	75.624023
2.1891785	-0.00037193298	0.0069286283	0	38972.738	0	75.705078	75.723633
2.1915174	0.00060939789	0.0069510653	0	38996.699	0	75.804688	75.823242
2.1948028	0.00064444542	0.007090929	0	39019	0	75.904297	75.922852
2.1973825	0.0013849735	0.0070662978	0	39043.789	0	76.003906	76.022461
2.2013736	0.00071406364	0.0070357001	0	39071.418	0	76.103516	76.12207
2.2052598	0.00014829636	0.007148983	0	39099.152	0	76.203125	76.22168
2.2082114	0.00051689148	0.0070713642	0	39126.383	0	76.302734	76.321289
2.2117329	0.00031590462	0.0069872509	0	39153.809	0	76.402344	76.420898
2.2156644	-0.00029540062	0.007066248	0	39182.344	0	76.501953	76.520508
2.2182918	0.00039744377	0.0070571485	0	39208.801	0	76.601563	76.620117
2.2216702	0.00033950806	0.0072391462	0	39235.414	0	76.701172	76.719727
2.2250605	0.00026941299	0.0071443305	0	39262.512	0	76.800781	76.819336
2.2279906	0.00065970421	0.0069943895	0	39285.121	0	76.900391	76.918945
2.231009	0.00096154213	0.0071233269	0	39315.09	0	77	77.018555
2.2352362	5.4597855e-05	0.007072588	0	39343.793	0	77.099609	77.118164
2.2388434	-0.0002322197	0.0071768593	0	39372.926	0	77.199219	77.217773
2.2417688	0.00016260147	0.0070096175	0	39397.066	0	77.298828	77.317383
2.2457576	-0.00050568581	0.0071299677	0	39422.598	0	77.398438	77.416992
2.2482729	0.00029921532	0.006945949	0	39450.633	0	77.498047	77.516602
2.252748	-0.00085568428	0.0071243835	0	39476.852	0	77.597656	77.616211
2.2550941	0.00011873245	0.0068732118	0	39501.309	0	77.697266	77.71582
2.2589588	-0.00042581558	0.0069452976	0	39527.25	0	77.796875	77.81543
2.2612572	0.00059628487	0.0070654321	0	39550.684	0	77.896484	77.915039
2.2647381	0.00043559074	0.007208148	0	39573.172	0	77.996094	78.014648
2.2676015	0.00089240074	0.0070661115	0	39598.574	0	78.095703	78.114258
2.2717571	5.7220459e-05	0.0072426992	0	39629.984	0	78.195313	78.213867
2.2747946	0.00033998489	0.0071431538	0	39657.957	0	78.294922	78.313477
2.2785878	-0.00013279915	0.0070922202	0	39689.805	0	78.394531	78.413086
2.2813916	0.00038361549	0.0070746248	0	39720.355	0	78.494141	78.512695
2.284925	0.00017046928	0.0071542277	0	39744.777	0	78.59375	78.612305
2.2877049	0.0007109642	0.0070631308	0	39767.344	0	78.693359	78.711914
2.2919655	-0.00022935867	0.0073258174	0	39789.742	0	78.792969	78.811523
2.294631	0.00042557716	0.0069900509	0	39809.871	0	78.892578	78.911133
2.2977924	0.00058436394	0.0071812775	0	39834.914	0	78.992188	79.010742
2.3011637	0.00053334236	0.007164422	0	39857.414	0	79.091797	79.110352
2.3040152	0.0010023117	0.0071166498	0	39877.457	0	79.191406	79.209961
2.3073912	0.00094652176	0.0072959689	0	39905.91	0	79.291016	79.30957
2.3113537	0.00030446053	0.0072262385	0	39940.918	0	79.390625	79.40918
2.3149371	4.1246414e-05	0.0071486649	0	39971.27	0	79.490234	79.508789
2.317965	0.00033354759	0.0070864414	0	39996.621	0	79.589844	79.608398
2.3211622	0.00045681	0.0073339185	0	40021.551	0	79.689453	79.708008
2.3243165	0.00062274933	0.0073228925	0	40045.082	0	79.789063	79.807617
2.3285484	-0.0002887249	0.0070869937	0	40068.973	0	79.888672	79.907227
2.3312378	0.00034213066	0.0071471268	0	40092.863	0	79.988281	80.006836
2.3342562	0.00064396858	0.0072547314	0	40119.508	0	80.087891	80.106445
2.3379946	0.00022602081	0.0072123609	0	40144.484	0	80.1875	80.206055
2.341423	0.00011777878	0.0070872419	0	40179.574	0	80.287109	80.305664
2.3453116	-0.0004503727	0.0073153484	0	40211.5	0	80.386719	80.405273
2.348392	-0.00021052361	0.0073893676	0	40235.797	0	80.486328	80.504883
2.3521638	-0.00066208839	0.0072393878	0	40260.383	0	80.585938	80.604492
2.3557472	-0.00092506409	0.0072317137	0	40282.676	0	80.685547	80.704102
2.358191	-4.863739e-05	0.0073391567	0	40301.629	0	80.785156	80.803711
2.3609591	0.00050377846	0.0074102455	0	40321.219	0	80.884766	80.90332
2.3648834	-0.00010037422	0.0073564467	0	40344.465	0	80.984375	81.00293
2.3674202	0.00068306923	0.0073124077	0	40363.523	0	81.083984	81.102539
2.3706365	0.00078725815	0.0072800331	0	40382.629	0	81.183594	81.202148
2.3740506	0.00069332123	0.0073602679	0	40402.633	0	81.283203	81.301758
2.3774767	0.0005877018	0.0074332245	0	40425.496	0	81.382813	81.401367
2.381022	0.00036263466	0.0072108852	0	40456.578	0	81.482422	81.500977
2.3846626	4.2200089e-05	0.0073032202	0	40482.816	0	81.582031	81.600586
2.3878026	0.00022268295	0.0072767502	0	40511.73	0	81.681641	81.700195
2.3911572	0.00018835068	0.007288523	0	40538.156	0	81.78125	81.799805
2.3940754	0.00059056282	0.0074284198	0	40559.273	0	81.880859	81.899414
2.3975825	0.00040364265	0.007390596	0	40582.59	0	81.980469	81.999023
2.4008679	0.00043845177	0.0074107968	0	40617.355	0	82.080078	82.098633
2.4048829	-0.00025606155	0.0074942377	0	40648.895	0	82.179688	82.198242
2.4088001	-0.00085306168	0.0074192467	0	40675.668	0	82.279297	82.297852
2.4118805	-0.00061297417	0.0074570756	0	40696.93	0	82.378906	82.397461
2.4152112	-0.00062346458	0.0074590375	0	40718.102	0	82.478516	82.49707
2.4176335	0.00027441978	0.0073813573	0	40737.531	0	82.578125	82.59668
2.4210668	0.0001616478	0.0074459519	0	40755.906	0	82.677734	82.696289
2.4235201	0.0010285378	0.0075049675	0	40771.43	0	82.777344	82.795898
2.4274373	0.00043177605	0.0073703132	0	40798.152	0	82.876953	82.895508
2.4315619	-0.00037264824	0.0073889471	0	40831.086	0	82.976563	82.995117
2.4346495	-0.00013995171	0.0073676459	0	40854.531	0	83.076172	83.094727
2.4380445	-0.00021457672	0.0073988126	0	40881.172	0	83.175781	83.194336
2.4415779	-0.00042772293	0.0072581321	0	40904.172	0	83.275391	83.293945
2.4444556	1.502037e-05	0.007560031	0	40928.508	0	83.375	83.393555
2.4484682	-0.00067734718	0.0075235744	0	40949.184	0	83.474609	83.493164
2.4508429	0.0002682209	0.0074708029	0	40967.18	0	83.574219	83.592773
2.4531651	0.0012664795	0.0075644515	0	40984.074	0	83.673828	83.692383
2.4572873	0.00046443939	0.0074398401	0	41003.465	0	83.773438	83.791992
2.4602604	0.00081181526	0.0074189869	0	41020.363	0	83.873047	83.891602
2.4638772	0.00051522255	0.0074729072	0	41037.309	0	83.972656	83.991211
2.4665904	0.0011222363	0.0076355878	0	41064.059	0	84.072266	84.09082
2.4703765	0.00065660477	0.007607332	0	41088.234	0	84.171875	84.19043
2.4734735	0.00087976456	0.0074896868	0	41117.543	0	84.271484	84.290039
2.4774122	0.00026154518	0.0075171934	0	41159.656	0	84.371094	84.389648
2.4816036	-0.00060963631	0.007431759	0	41197.336	0	84.470703	84.489258
2.4852681	-0.00095391273	0.0074938051	0	41231.031	0	84.570313	84.588867
2.4896646	-0.0020298958	0.0074583418	0	41262.043	0	84.669922	84.688477
2.4925447	-0.0015897751	0.0075504929	0	41287.605	0	84.769531	84.788086
2.4951649	-0.00088953972	0.0075876988	0	41308.16	0	84.869141	84.887695
2.4990201	-0.001424551	0.0074510574	0	41321.449	0	84.96875	84.987305
2.5018287	-0.00091290474	0.0074633472	0	41332.32	0	85.068359	85.086914
2.5052094	-0.00097322464	0.0074586198	0	41344.773	0	85.167969	85.186523
2.5070953	0.00046110153	0.007625991	0	41357.387	0	85.267578	85.286133
2.5107551	0.00012183189	0.0075749191	0	41373.73	0	85.367188	85.385742
2.5137568	0.00044035912	0.007654903	0	41387.148	0	85.466797	85.485352
2.5159764	0.0015408993	0.0076808622	0	41406.152	0	85.566406	85.584961
2.5195479	0.0012898445	0.007523715	0	41429.102	0	85.666016	85.68457
2.5232053	0.00095272064	0.0073736962	0	41457.34	0	85.765625	85.78418
2.5267267	0.00075173378	0.0075556566	0	41493.371	0	85.865234	85.883789
2.5306654	0.00013327599	0.0073969574	0	41524.242	0	85.964844	85.983398
2.5346804	-0.00056147575	0.0076040807	0	41550.797	0	86.064453	86.083008
2.5379539	-0.00051450729	0.0075201006	0	41574.172	0	86.164063	86.182617
2.5406361	0.00012350082	0.0074382368	0	41596.992	0	86.263672	86.282227
2.5434136	0.00066637993	0.0075728744	0	41617.688	0	86.363281	86.381836
2.5464249	0.00097537041	0.0076429741	0	41634.719	0	86.462891	86.481445
2.5503516	0.00036883354	0.0074712858	0	41650.844	0	86.5625	86.581055
2.5535536	0.00048732758	0.0075414963	0	41668.863	0	86.662109	86.680664
2.556572	0.0007891655	0.0074797487	0	41688.559	0	86.761719	86.780273
2.5600815	0.00060009956	0.0075343479	0	41708.422	0	86.861328	86.879883
2.5640631	-6.1273575e-05	0.0074776048	0	41730.008	0	86.960938	86.979492
2.565949	0.0013730526	0.0076866802	0	41759.551	0	87.060547	87.079102
2.5706887	-4.6253204e-05	0.0073833419	0	41790.617	0	87.160156	87.178711
2.5737929	0.00016975403	0.0074939602	0	41821.25	0	87.259766	87.27832
2.5775981	-0.00031495094	0.0075440654	0	41843.574	0	87.359375	87.37793
2.5803542	0.00024914742	0.0075037964	0	41864.574	0	87.458984	87.477539
2.5845098	-0.00058627129	0.0075028869	0	41886.953	0	87.558594	87.577148
2.5876427	-0.00039863586	0.0076376544	0	41902.352	0	87.658203	87.676758
2.590692	-0.00012779236	0.0074851341	0	41919.66	0	87.757813	87.776367
2.5934005	0.00048422813	0.0076234778	0	41937.063	0	87.857422	87.875977
2.5967383	0.00046658516	0.0076231798	0	41953.598	0	87.957031	87.975586
2.5990629	0.0014622211	0.0076150452	0	41973.465	0	88.056641	88.075195
2.6027894	0.0010561943	0.0076431842	0	41995.449	0	88.15625	88.174805
2.6069188	0.00024700165	0.0076856236	0	42021.234	0	88.255859	88.274414
2.6100588	0.00042748451	0.0076165558	0	42052.598	0	88.355469	88.374023
2.6137495	5.698204e-05	0.0075905537	0	42084.156	0	88.455078	88.473633
2.6167035	0.00042319298	0.0078006103	0	42115.961	0	88.554688	88.573242
2.620945	-0.00049781799	0.0076500219	0	42143.57	0	88.654297	88.672852
2.6253271	-0.0015597343	0.0076033878	0	42165.961	0	88.753906	88.772461
2.6275373	-0.00044941902	0.007679055	0	42185.469	0	88.853516	88.87207
2.631402	-0.00099396706	0.007723487	0	42204.199	0	88.953125	88.97168
2.6344299	-0.00070166588	0.0076617803	0	42222.344	0	89.052734	89.071289
2.6374316	-0.00038290024	0.0077067371	0	42238.688	0	89.152344	89.170898
2.6408553	-0.0004863739	0.0076661319	0	42255.207	0	89.251953	89.270508
2.6433372	0.00035214424	0.007456142	0	42269.402	0	89.351563	89.370117
2.6469326	7.7009201e-05	0.007577016	0	42289.223	0	89.451172	89.469727
2.6498795	0.0004503727	0.0075915107	0	42307.52	0	89.550781	89.569336
2.6532674	0.00038290024	0.0076795132	0	42329.633	0	89.650391	89.668945
2.6563716	0.00059890747	0.0076828501	0	42354.176	0	89.75	89.768555
2.6601219	0.00016903877	0.0076358654	0	42382.395	0	89.849609	89.868164
2.6640534	-0.00044226646	0.0077262735	0	42415.078	0	89.949219	89.967773
2.6670074	-7.6055527e-05	0.0075934813	0	42442.676	0	90.048828	90.067383
2.67061	-0.00035810471	0.0076811323	0	42468.211	0	90.148438	90.166992
2.6744103	-0.00083827972	0.0076504936	0	42491.504	0	90.248047	90.266602
2.676847	4.5537949e-05	0.0077333273	0	42512.285	0	90.347656	90.366211
2.6805019	-0.00028920174	0.0075766458	0	42531.828	0	90.447266	90.46582
2.6841974	-0.00066447258	0.0078080986	0	42546.84	0	90.546875	90.56543
2.6871538	-0.00030040741	0.0076852492	0	42565.953	0	90.646484	90.665039
2.6902843	-0.00011062622	0.0076304073	0	42583.219	0	90.746094	90.764648
2.6934886	5.4836273e-06	0.0076870122	0	42598.297	0	90.845703	90.864258
2.6958299	0.00098443031	0.0079681845	0	42614.73	0	90.945313	90.963867
2.6993561	0.00077843666	0.0076375664	0	42634.824	0	91.044922	91.063477
2.7031422	0.00031280518	0.0077070636	0	42656.598	0	91.144531	91.163086
2.7062845	0.00049066544	0.0077270796	0	42681.465	0	91.244141	91.262695
2.7090025	0.0010931492	0.0076835649	0	42708.766	0	91.34375	91.362305
2.71276	0.00065588951	0.0076116472	0	42735.297	0	91.443359	91.461914
2.7166796	5.6505203e-05	0.0077907122	0	42762.703	0	91.542969	91.561523
2.7194452	0.00061130524	0.0078670774	0	42787.516	0	91.642578	91.661133
2.7235436	-0.00016689301	0.0077956007	0	42810.195	0	91.742188	91.760742
2.7274323	-0.00073504448	0.0076136459	0	42829.945	0	91.841797	91.860352
2.7301335	-0.00011610985	0.0077133356	0	42847.016	0	91.941406	91.959961
2.73278	0.00055766106	0.007800478	0	42865.496	0	92.041016	92.05957
2.7369952	-0.00033712387	0.0076923375	0	42883.254	0	92.140625	92.15918
2.7396846	0.00029373169	0.0077868812	0	42905.949	0	92.240234	92.258789
2.743268	3.0755997e-05	0.0078049037	0	42925.168	0	92.339844	92.358398
2.7469707	-0.0003516674	0.007770041	0	42947.219	0	92.439453	92.458008
2.7494478	0.00049161911	0.0078425296	0	42965.27	0	92.539063	92.557617
2.7536774	-0.00041770935	0.0078486959	0	42984.086	0	92.638672	92.657227
2.7568245	-0.00024461746	0.0077939732	0	43017.301	0	92.738281	92.756836
2.7604127	-0.00051236153	0.0079052579	0	43041.781	0	92.837891	92.856445
2.7640939	-0.00087332726	0.0078217164	0	43063.539	0	92.9375	92.956055
2.7673221	-0.00078105927	0.0078894729	0	43085.91	0	93.037109	93.055664
2.7706265	-0.00076532364	0.0078493785	0	43104.25	0	93.136719	93.155273
2.773416	-0.00023460388	0.007783412	0	43121.805	0	93.236328	93.254883
2.7774286	-0.00092673302	0.0077815345	0	43140.984	0	93.335938	93.354492
2.7802873	-0.00046515465	0.007853304	0	43158.145	0	93.435547	93.454102
2.7838016	-0.00065898895	0.0077958824	0	43174.273	0	93.535156	93.553711
2.7860641	0.00039863586	0.0077488278	0	43191.02	0	93.634766	93.65332
2.789309	0.00047397614	0.0078549897	0	43204.617	0	93.734375	93.75293
2.7927327	0.00037074089	0.0077815326	0	43220.992	0	93.833984	93.852539
2.7960062	0.00041747093	0.0077824942	0	43237.809	0	93.933594	93.952148
2.7988839	0.00086021423	0.0079141632	0	43254.98	0	94.033203	94.051758
2.8018618	0.0012025833	0.0078925509	0	43272.73	0	94.132813	94.151367
2.8055549	0.00082969666	0.0080050575	0	43293.664	0	94.232422	94.250977
2.8086138	0.0010912418	0.0080098175	0	43320.781	0	94.332031	94.350586
2.8128862	0.00013899803	0.0079030637	0	43349.527	0	94.431641	94.450195
2.8165865	-0.00024080276	0.0078926766	0	43372.164	0	94.53125	94.549805
2.8197455	-7.9631805e-05	0.0078933863	0	43389.961	0	94.630859	94.649414
2.8222132	0.00077295303	0.0079872021	0	43407.113	0	94.730469	94.749023
2.8255415	0.00076508522	0.0078977803	0	43429.563	0	94.830078	94.848633
2.8298092	-0.00018239021	0.0077224658	0	43450.223	0	94.929688	94.948242
2.832334	0.00061321259	0.0077552586	0	43466.254	0	95.029297	95.047852
2.8359342	0.00033330917	0.0079630055	0	43479.563	0	95.128906	95.147461
2.8389072	0.00068044662	0.0077693709	0	43496.801	0	95.228516	95.24707
2.8423882	0.00051999092	0.0079549244	0	43518.895	0	95.328125	95.34668
2.8462291	-7.1525574e-07	0.0077376612	0	43538.73	0	95.427734	95.446289
2.8489518	0.00059700012	0.0078591798	0	43558.59	0	95.527344	95.545898
2.8522038	0.00066518784	0.0079192054	0	43584.293	0	95.626953	95.645508
2.856729	-0.00053977966	0.007860492	0	43604.422	0	95.726563	95.745117
2.8601623	-0.00065255165	0.0077954615	0	43624.285	0	95.826172	95.844727
2.863276	-0.00044608116	0.007700345	0	43640.074	0	95.925781	95.944336
2.8667569	-0.00060653687	0.0076319962	0	43653.668	0	96.025391	96.043945
2.8701544	-0.00068378448	0.0077717993	0	43666.152	0	96.125	96.143555
2.872746	4.4822693e-05	0.0078085386	0	43673.77	0	96.224609	96.243164
2.8759885	0.00012278557	0.0078462996	0	43687.523	0	96.324219	96.342773
2.8794956	-6.4134598e-05	0.0079739429	0	43708.375	0	96.423828	96.442383
2.8831434	-0.00039148331	0.0077599799	0	43722.168	0	96.523438	96.541992
2.8859401	0.00013208389	0.0080622165	0	43736.656	0	96.623047	96.641602
2.8893709	2.1457672e-05	0.0078779329	0	43753.137	0	96.722656	96.741211
2.8915644	0.0011484623	0.0078872954	0	43774.387	0	96.822266	96.84082
2.895484	0.00054907799	0.0078615407	0	43794.422	0	96.921875	96.94043
2.8995514	-0.00019788742	0.0077924496	0	43811.148	0	97.021484	97.040039
2.9028726	-0.00019884109	0.0078647472	0	43826.684	0	97.121094	97.139648
2.9062867	-0.00029277802	0.0078895027	0	43841.453	0	97.220703	97.239258
2.9088593	0.00045514107	0.0079090754	0	43852.707	0	97.320313	97.338867
2.9121304	0.00050425529	0.0079669692	0	43862.902	0	97.419922	97.438477
2.91502	0.00093507767	0.0078916093	0	43875.516	0	97.519531	97.538086
2.9186702	0.00060510635	0.0077388603	0	43893.051	0	97.619141	97.637695
2.9214334	0.0011620522	0.0079396209	0	43912.938	0	97.71875	97.737305
2.9249692	0.00094676018	0.0078426553	0	43931.766	0	97.818359	97.836914
2.929492	-0.00025582314	0.0078980951	0	43952.23	0	97.917969	97.936523
2.9326677	-0.00011110306	0.0078121983	0	43973.652	0	98.017578	98.036133
2.9362655	-0.00038862228	0.0079675848	0	43992.789	0	98.117188	98.135742
2.9401946	-0.00099754333	0.0078733172	0	44010.805	0	98.216797	98.235352
2.9426122	-9.4652176e-05	0.0079433797	0	44022.391	0	98.316406	98.334961
2.9463434	-0.00050568581	0.0077415071	0	44034.406	0	98.416016	98.43457
2.9491282	3.0040741e-05	0.007831159	0	44046.574	0	98.515625	98.53418
2.9520941	0.00038433075	0.0078765675	0	44059.82	0	98.615234	98.633789
2.9556584	0.00014019012	0.0078287236	0	44068.988	0	98.714844	98.733398
2.9587984	0.00032067299	0.0079260301	0	44080.145	0	98.814453	98.833008
2.9614258	0.0010135174	0.0077952645	0	44088.25	0	98.914063	98.932617
2.9655647	0.0001950264	0.0078639705	0	44099.973	0	99.013672	99.032227
2.9677415	0.0013384819	0.0077417688	0	44117.516	0	99.113281	99.131836
2.9718256	0.00057458878	0.0079665398	0	44130.156	0	99.212891	99.231445
2.9751158	0.00060486794	0.0078059165	0	44145.898	0	99.3125	99.331055
2.9791713	-0.00013041496	0.007918545	0	44164.18	0	99.412109	99.430664
2.9825377	-0.00017642975	0.0078718225	0	44185.301	0	99.511719	99.530273
2.986145	-0.00046348572	0.0079119774	0	44201.641	0	99.611328	99.629883
2.9891849	-0.00018310547	0.0080561163	0	44215.715	0	99.710938	99.729492
2.9925847	-0.00026249886	0.0080982735	0	44226.055	0	99.810547	99.829102
2.9963636	-0.0007212162	0.0080117499	0	44237.23	0	99.910156	99.928711
2.9994369	-0.00047397614	0.0080007976	0	44246.355	0	100.00977	100.02832
3.0025434	-0.00026035309	0.0080666477	0	44256.559	0	100.10938	100.12793
3.0051184	0.00048494339	0.0079825614	0	44265.551	0	100.20898	100.22754
3.0090475	-0.00012373924	0.0080580199	0	44274.215	0	100.30859	100.32715
3.0121851	5.8889389e-05	0.007919577	0	44280.402	0	100.4082	100.42676
3.0151772	0.00038719177	0.0080114445	0	44287.023	0	100.50781	100.52637
3.0184388	0.00044584274	0.0080180056	0	44294.117	0	100.60742	100.62598
3.0219626	0.00024223328	0.0079045128	0	44301.18	0	100.70703	100.72559
3.0245161	0.0010092258	0.0081021916	0	44307.938	0	100.80664	100.8252
3.0281925	0.00065302849	0.0082502738	0	44315.75	0	100.90625	100.9248
3.0310631	0.0011029243	0.008188705	0	44327.289	0	101.00586	101.02441
3.0356765	-0.00019025803	0.0079545593	0	44338.18	0	101.10547	101.12402
3.0387712	3.528595e-05	0.008026327	0	44350.145	0	101.20508	101.22363
3.0423141	-0.00018715858	0.008084151	0	44359.516	0	101.30469	101.32324
3.0452967	0.00015044212	0.0080547677	0	44369.266	0	101.4043	101.42285
3.0483985	0.00036907196	0.0079911519	0	44376.297	0	101.50391	101.52246
3.0518436	0.00024414063	0.0081016067	0	44385.684	0	101.60352	101.62207
3.0549836	0.00042438507	0.0082218302	0	44390.055	0	101.70313	101.72168
3.0585575	0.00017094612	0.0080569861	0	44397.055	0	101.80273	101.82129
3.0621505	-0.00010180473	0.007989753	0	44405.918	0	101.90234	101.9209
3.0653739	-4.7683716e-06	0.0080709616	0	44411.898	0	102.00195	102.02051

Data Acquisition						Time:	116.44238	s	12/20/2016 1:19:20 PM
Axial Displacement	Axial Displacement Error	Axial Extensometer	Axial Extensometer Abs. Error	Axial Force	Axial Force Abs. Error	Running Time	Time
mm	mm	mm/mm	mm/mm	N	N	s	s
3.0685735	0.00011587143	0.0080250427	0	44421.914	0	102.10156	102.12012
3.0717826	0.00022697449	0.0079495311	0	44427.688	0	102.20117	102.21973
3.075211	0.00011897087	0.0081024729	0	44437.465	0	102.30078	102.31934
3.0785966	5.364418e-05	0.0080201952	0	44441.5	0	102.40039	102.41895
3.0818152	0.00015544891	0.007945478	0	44445.75	0	102.5	102.51855
3.0852866	4.2915344e-06	0.0079688868	0	44451.512	0	102.59961	102.61816
3.0887628	-0.00015163422	0.0080764955	0	44453.766	0	102.69922	102.71777
3.0911827	0.00074887276	0.0081264963	0	44453.848	0	102.79883	102.81738
3.0961514	-0.0008995533	0.0079380181	0	44455.344	0	102.89844	102.91699
3.0990505	-0.00047826767	0.0080228569	0	44457.684	0	102.99805	103.0166
3.1024265	-0.00053405762	0.0078555262	0	44454.324	0	103.09766	103.11621
3.1047368	0.00047588348	0.0079996642	0	44453.914	0	103.19727	103.21582
3.1095076	-0.00097441673	0.0079353927	0	44456.887	0	103.29688	103.31543
3.1115389	0.00031447411	0.008112344	0	44460.102	0	103.39648	103.41504
3.1152272	-5.3405762e-05	0.0077877189	0	44457.836	0	103.49609	103.51465
3.1188369	-0.00034284592	0.0079519255	0	44457.66	0	103.5957	103.61426
3.1221747	-0.00036048889	0.0080694333	0	44457.922	0	103.69531	103.71387
3.125155	-2.0265579e-05	0.0079651773	0	44456.773	0	103.79492	103.81348
3.1293535	-0.00089859962	0.007864411	0	44453.645	0	103.89453	103.91309
3.1323838	-0.00060844421	0.0079894336	0	44451.969	0	103.99414	104.0127
3.1355238	-0.00042819977	0.0079722023	0	44450.672	0	104.09375	104.1123
3.1388855	-0.0004696846	0.0080473358	0	44448.344	0	104.19336	104.21191
3.1414676	0.00026869774	0.0080309361	0	44445.227	0	104.29297	104.31152
3.1454349	-0.00037837029	0.0080151809	0	44440.582	0	104.39258	104.41113
3.1486654	-0.00028848648	0.0079123853	0	44441.063	0	104.49219	104.51074
3.1518817	-0.00018453598	0.0080091581	0	44434.867	0	104.5918	104.61035
3.1559515	-0.00093412399	0.0079482822	0	44426.117	0	104.69141	104.70996
3.1592631	-0.00092530251	0.0078712935	0	44421.074	0	104.79102	104.80957
3.1628895	-0.001231432	0.007893973	0	44410.398	0	104.89063	104.90918
3.1664777	-0.001499176	0.0079908939	0	44381.285	0	104.99023	105.00879
3.169744	-0.0014452934	0.0079048388	0	44355.387	0	105.08984	105.1084
3.1732249	-0.0016059875	0.0079198405	0	44313.941	0	105.18945	105.20801
3.1764388	-0.0014994144	0.0079069659	0	44268.164	0	105.28906	105.30762
3.181119	-0.002859354	0.0079909451	0	44219.203	0	105.38867	105.40723
3.1852865	-0.0037064552	0.007972328	0	44161.656	0	105.48828	105.50684
3.1880713	-0.0031709671	0.0079484461	0	44106.473	0	105.58789	105.60645
3.1923151	-0.0040946007	0.0078327842	0	44051.465	0	105.6875	105.70605
3.195858	-0.0043170452	0.0079058371	0	43985.184	0	105.78711	105.80566
3.1988811	-0.0040199757	0.0079896431	0	43893.051	0	105.88672	105.90527
3.2016563	-0.0034747124	0.0078871921	0	43806.41	0	105.98633	106.00488
3.2052279	-0.0037260056	0.0078059821	0	43723.488	0	106.08594	106.10449
3.2090902	-0.0042681694	0.0080225784	0	43555.379	0	106.18555	106.2041
3.2124591	-0.0043165684	0.0077362969	0	43311.309	0	106.28516	106.30371
3.2193637	-0.0079009533	0.0076550548	0	42697.457	0	106.38477	106.40332
3.2233787	-0.010906696	-0.01041445	0	18841.986	0	106.48438	106.50293
3.2225013	-0.010029316	-0.010071181	0	19112.307	0	106.58398	106.60254
3.2228637	-0.010391712	-0.0099869315	0	19191.068	0	106.68359	106.70215
3.2208991	-0.0084271431	-0.0099046333	0	19200.611	0	106.7832	106.80176
3.2207274	-0.0082554817	-0.01008641	0	19237.088	0	106.88281	106.90137
3.2200003	-0.0075283051	-0.0099263694	0	19254.732	0	106.98242	107.00098
3.2196355	-0.0071635246	-0.0099294567	0	19265.416	0	107.08203	107.10059
3.2190847	-0.0066127777	-0.010147576	0	19278.572	0	107.18164	107.2002
3.2183671	-0.0058951378	-0.01005464	0	19278.877	0	107.28125	107.2998
3.217485	-0.005012989	-0.010057384	0	19298.582	0	107.38086	107.39941
3.2172942	-0.0048222542	-0.010029743	0	19290.096	0	107.48047	107.49902
3.2170892	-0.0046172142	-0.009975235	0	19302.445	0	107.58008	107.59863
3.2161617	-0.0036897659	-0.0099804541	0	19305.984	0	107.67969	107.69824
3.2162499	-0.0037779808	-0.010014227	0	19321.059	0	107.7793	107.79785
3.215766	-0.0032939911	-0.0099347057	0	19339.119	0	107.87891	107.89746
3.2148123	-0.0023403168	-0.0099665979	0	19343.588	0	107.97852	107.99707
3.2152128	-0.00274086	-0.010035642	0	19350.242	0	108.07813	108.09668
3.2146025	-0.0021305084	-0.0099470057	0	19356.977	0	108.17773	108.19629
3.2145739	-0.0021018982	-0.010043344	0	19366.201	0	108.27734	108.2959
3.2146811	-0.0022091866	-0.010019536	0	19369.012	0	108.37695	108.39551
3.2134795	-0.0010075569	-0.010134853	0	19341.291	0	108.47656	108.49512
3.2128119	-0.00033998489	-0.010032054	0	19348.193	0	108.57617	108.59473
3.2145572	-0.0020852089	-0.010016005	0	19365.656	0	108.67578	108.69434
3.2139611	-0.0014891624	-0.0099593978	0	19371.404	0	108.77539	108.79395
3.2141542	-0.0016822815	-0.010066314	0	19374.355	0	108.875	108.89355
3.2134819	-0.0010099411	-0.0099699162	0	19368.941	0	108.97461	108.99316
3.2139206	-0.0014486313	-0.009955517	0	19374.162	0	109.07422	109.09277
3.2126069	-0.00013494492	-0.010015053	0	19375.301	0	109.17383	109.19238
3.2137632	-0.001291275	-0.0099522509	0	19388.74	0	109.27344	109.29199
3.2135963	-0.001124382	-0.010142338	0	19398.027	0	109.37305	109.3916
3.2133341	-0.00086212158	-0.010038674	0	19400.309	0	109.47266	109.49121
3.2130337	-0.00056171417	-0.010044948	0	19398.408	0	109.57227	109.59082
3.2139468	-0.0014748573	-0.010020856	0	19413.973	0	109.67188	109.69043
3.212769	-0.00029706955	-0.0099653266	0	19417.982	0	109.77148	109.79004
3.2129431	-0.00047111511	-0.010089438	0	19418.416	0	109.87109	109.88965
3.2129622	-0.0004901886	-0.010067018	0	19415.746	0	109.9707	109.98926
3.2132626	-0.00079059601	-0.0099944696	0	19413.797	0	110.07031	110.08887
3.2126641	-0.00019216537	-0.0099869594	0	19422.684	0	110.16992	110.18848
3.2129431	-0.00047111511	-0.0099352822	0	19419.205	0	110.26953	110.28809
3.212719	-0.00024700165	-0.0099805752	0	19419.4	0	110.36914	110.3877
3.2121706	0.00030136108	-0.010013714	0	19412.977	0	110.46875	110.4873
3.2122636	0.00020837784	-0.010132344	0	19414.525	0	110.56836	110.58691
3.2125139	-4.196167e-05	-0.010006824	0	19424.014	0	110.66797	110.68652
3.2124925	-2.0503998e-05	-0.010050984	0	19426.342	0	110.76758	110.78613
3.2127047	-0.00023269653	-0.01004073	0	19427.291	0	110.86719	110.88574
3.2126975	-0.00022554398	-0.0099991011	0	19434.021	0	110.9668	110.98535
3.2133079	-0.00083589554	-0.010161557	0	19434.592	0	111.06641	111.08496
3.2124496	2.2411346e-05	-0.010121319	0	19433.586	0	111.16602	111.18457
3.212986	-0.00051403046	-0.010028885	0	19435.248	0	111.26563	111.28418
3.2129478	-0.00047588348	-0.010036651	0	19438.688	0	111.36523	111.38379
3.212707	-0.00023508072	-0.010107605	0	19441.971	0	111.46484	111.4834
3.2116294	0.00084257126	-0.0098916106	0	19443.248	0	111.56445	111.58301
3.2122064	0.0002655983	-0.01000309	0	19445.463	0	111.66406	111.68262
3.2127357	-0.00026369095	-0.010140237	0	19450.746	0	111.76367	111.78223
3.2125068	-3.4809113e-05	-0.010132725	0	19451.885	0	111.86328	111.88184
3.2126236	-0.00015163422	-0.0099282246	0	19449.736	0	111.96289	111.98145
3.2121253	0.00034666061	-0.0099270316	0	19450.783	0	112.0625	112.08105
3.2129574	-0.00048542023	-0.010040727	0	19452.4	0	112.16211	112.18066
3.2115865	0.0008854866	-0.0098231994	0	19441.9	0	112.26172	112.28027
3.2120228	0.0004491806	-0.010015192	0	19441.305	0	112.36133	112.37988
3.2125759	-0.0001039505	-0.0099105239	0	19449.826	0	112.46094	112.47949
3.2128501	-0.00037813187	-0.0099371262	0	19454.438	0	112.56055	112.5791
3.2129931	-0.00052118301	-0.010020993	0	19459.652	0	112.66016	112.67871
3.2126856	-0.00021362305	-0.010055049	0	19466.863	0	112.75977	112.77832
3.2132006	-0.00072860718	-0.010034564	0	19468.031	0	112.85938	112.87793
3.2125926	-0.0001206398	-0.0099221971	0	19466.852	0	112.95898	112.97754
3.212738	-0.00026607513	-0.0099670524	0	19468.303	0	113.05859	113.07715
3.2132816	-0.00080966949	-0.0099313427	0	19477.982	0	113.1582	113.17676
3.2130337	-0.00056171417	-0.0099395504	0	19473.932	0	113.25781	113.27637
3.2130742	-0.00060224533	-0.0099412184	0	19474.73	0	113.35742	113.37598
3.2117844	0.00068759918	-0.0097979838	0	19468.828	0	113.45703	113.47559
3.2124567	1.5258789e-05	-0.010023348	0	19475.623	0	113.55664	113.5752
3.2124615	1.0490417e-05	-0.0098687829	0	19478.141	0	113.65625	113.6748
3.213799	-0.0013270378	-0.0099179801	0	19481.492	0	113.75586	113.77441
3.2124615	1.0490417e-05	-0.009984104	0	19479.945	0	113.85547	113.87402
3.2125282	-5.6266785e-05	-0.009823272	0	19473.498	0	113.95508	113.97363
3.2124996	-2.7656555e-05	-0.0099314526	0	19469.889	0	114.05469	114.07324
3.2119608	0.00051116943	-0.0099265892	0	19469.096	0	114.1543	114.17285
3.212359	0.00011301041	-0.0099977218	0	19474.91	0	114.25391	114.27246
3.2127142	-0.00024223328	-0.010040049	0	19475.322	0	114.35352	114.37207
3.2125211	-4.9114227e-05	-0.0098790089	0	19475.92	0	114.45313	114.47168
3.212347	0.00012493134	-0.0098172156	0	19475.656	0	114.55273	114.57129
3.2117534	0.0007185936	-0.0099988263	0	19470.459	0	114.65234	114.6709
3.2122111	0.00026082993	-0.010056798	0	19471.066	0	114.75195	114.77051
3.2122087	0.00026321411	-0.0098472983	0	19475.566	0	114.85156	114.87012
3.211875	0.00059700012	-0.009948683	0	19479.482	0	114.95117	114.96973
3.2129407	-0.00046873093	-0.009833429	0	19480.426	0	115.05078	115.06934
3.2124949	-2.2888184e-05	-0.0098668011	0	19481.205	0	115.15039	115.16895
3.2132411	-0.00076913834	-0.0099440413	0	19487.357	0	115.25	115.26855
3.2126951	-0.00022315979	-0.0098540243	0	19482.695	0	115.34961	115.36816
3.2135892	-0.0011172295	-0.0099547571	0	19480.225	0	115.44922	115.46777
3.2127166	-0.00024461746	-0.010028403	0	19478.418	0	115.54883	115.56738
3.2125807	-0.00010871887	-0.0099249566	0	19483.586	0	115.64844	115.66699
3.2129216	-0.00044965744	-0.0098554008	0	19487.496	0	115.74805	115.7666
3.2131219	-0.00064992905	-0.009909099	0	19485.813	0	115.84766	115.86621
3.21275	-0.00027799606	-0.010021274	0	19490.664	0	115.94727	115.96582
3.2124162	5.5789948e-05	-0.0098862508	0	19485.031	0	116.04688	116.06543
3.212626	-0.0001540184	-0.00993085	0	19487.158	0	116.14648	116.16504
3.2122397	0.0002322197	-0.0097983927	0	19490.854	0	116.24609	116.26465
3.2123923	7.9631805e-05	-0.0099455602	0	19487.693	0	116.3457	116.36426

Data Acquisition						Time:	116.44629	s	12/20/2016 1:19:20 PM
Axial Displacement	Axial Extensometer	Axial Force	Date
mm	mm/mm	N	d
3.4653044	0.015829097	44461.281	42724
